subject,condition,named,afc,whichSide,whichResp,whichItem,trial
1,2,0,1,0,0,118,1
1,4,1,1,1,1,161,2
1,3,1,1,0,0,107,3
1,1,0,1,1,1,3,4
1,3,0,1,1,1,177,5
1,2,1,1,1,1,181,6
1,1,0,1,0,0,86,7
1,4,1,1,1,1,124,8
1,2,0,1,1,1,115,9
1,4,1,1,1,1,100,10
1,4,1,1,0,0,163,11
1,3,1,1,1,1,179,12
1,1,0,0,0,1,6,13
1,3,1,1,0,0,64,14
1,2,0,1,0,0,184,15
1,1,1,0,1,0,29,16
1,2,1,1,1,1,189,17
1,2,0,1,1,1,111,18
1,3,1,1,1,1,102,19
1,4,0,1,0,0,183,20
1,4,0,1,0,0,137,21
1,1,1,1,0,0,37,22
1,1,0,0,1,0,85,23
1,3,1,1,0,0,166,24
1,4,0,1,1,1,185,25
1,3,0,0,1,0,110,26
1,2,1,1,1,1,125,27
1,4,1,1,0,0,28,28
1,1,1,0,1,0,25,29
1,2,1,1,1,1,19,30
1,3,1,1,1,1,129,31
1,1,1,1,0,0,112,32
1,4,1,1,1,1,192,33
1,2,1,1,1,1,31,34
1,3,1,1,1,1,66,35
1,2,0,1,0,0,52,36
1,3,0,1,1,1,30,37
1,4,1,1,0,0,126,38
1,1,1,1,0,0,61,39
1,1,0,0,1,0,147,40
1,3,1,1,0,0,69,41
1,3,1,1,0,0,95,42
1,4,1,1,0,0,133,43
1,2,0,1,1,1,26,44
1,1,1,1,0,0,121,45
1,1,1,0,1,0,146,46
1,4,0,1,0,0,167,47
1,2,0,1,1,1,47,48
1,1,1,1,0,0,34,49
1,3,0,1,0,0,155,50
1,4,1,1,0,0,139,51
1,2,0,0,0,1,187,52
1,4,1,1,1,1,80,53
1,1,0,1,0,0,113,54
1,3,1,1,0,0,7,55
1,2,1,1,1,1,99,56
1,1,0,0,1,0,4,57
1,3,1,1,0,0,119,58
1,1,1,0,1,0,76,59
1,3,0,1,0,0,141,60
1,2,0,0,1,0,56,61
1,4,1,1,0,0,14,62
1,2,1,1,1,1,2,63
1,4,1,1,1,1,50,64
1,1,0,0,1,0,150,65
1,4,1,1,0,0,32,66
1,4,1,1,0,0,44,67
1,1,0,0,1,0,88,68
1,2,1,1,1,1,143,69
1,3,1,0,0,1,103,70
1,2,0,0,0,1,71,71
1,3,1,1,0,0,98,72
1,3,1,1,0,0,78,73
1,3,1,1,0,0,11,74
1,4,1,1,1,1,43,75
1,1,0,0,0,1,40,76
1,2,0,1,0,0,128,77
1,4,1,1,0,0,122,78
1,2,0,0,0,1,20,79
1,1,1,1,0,0,156,80
1,2,1,1,1,1,165,81
1,1,0,0,1,0,72,82
1,4,1,1,0,0,79,83
1,4,0,1,0,0,174,84
1,3,0,1,1,1,62,85
1,3,1,1,0,0,104,86
1,2,0,1,0,0,154,87
1,1,1,1,0,0,13,88
1,1,1,0,1,0,89,89
1,3,1,1,0,0,1,90
1,2,1,1,0,0,176,91
1,2,1,1,1,1,45,92
1,4,1,1,1,1,59,93
1,3,0,1,1,1,123,94
1,1,1,0,1,0,16,95
1,4,1,1,1,1,131,96
1,4,1,1,0,0,145,97
1,2,1,0,1,0,58,98
1,4,1,1,0,0,188,99
1,1,0,0,1,0,53,100
1,1,0,1,0,0,90,101
1,3,1,1,1,1,60,102
1,3,0,0,1,0,172,103
1,2,0,1,1,1,117,104
1,3,0,1,1,1,170,105
1,4,1,1,1,1,15,106
1,3,1,1,0,0,191,107
1,1,1,0,1,0,23,108
1,4,1,1,1,1,186,109
1,1,1,1,0,0,57,110
1,2,1,1,0,0,135,111
1,2,1,1,0,0,74,112
1,1,0,0,1,0,159,113
1,2,1,1,1,1,157,114
1,3,1,1,1,1,151,115
1,4,1,1,0,0,8,116
1,1,1,0,1,0,39,117
1,2,1,1,0,0,144,118
1,3,1,1,0,0,81,119
1,4,1,1,1,1,73,120
1,4,1,1,1,1,68,121
1,3,1,1,1,1,96,122
1,1,0,1,0,0,18,123
1,1,0,0,0,1,162,124
1,2,1,1,1,1,33,125
1,2,0,1,0,0,140,126
1,4,0,1,1,1,153,127
1,3,1,1,1,1,97,128
2,3,0,1,0,0,118,1
2,1,1,0,1,0,124,2
2,1,0,0,0,1,161,3
2,2,0,1,0,0,86,4
2,3,1,1,1,1,181,5
2,4,1,1,1,1,177,6
2,4,1,1,1,1,107,7
2,2,0,1,1,1,3,8
2,4,0,1,0,0,179,9
2,4,1,1,0,0,64,10
2,1,1,1,0,0,163,11
2,2,1,1,1,1,29,12
2,3,0,1,0,0,184,13
2,1,1,1,0,0,100,14
2,3,0,1,0,0,115,15
2,2,0,0,1,0,6,16
2,4,1,1,0,0,166,17
2,3,1,1,1,1,189,18
2,2,1,1,0,0,37,19
2,1,0,0,0,1,183,20
2,2,0,1,1,1,85,21
2,4,1,1,1,1,102,22
2,3,0,0,1,0,111,23
2,1,1,1,0,0,137,24
2,2,1,1,1,1,25,25
2,4,1,1,0,0,110,26
2,4,1,1,1,1,129,27
2,1,0,0,1,0,28,28
2,1,0,0,1,0,185,29
2,3,0,1,0,0,19,30
2,3,0,1,1,1,125,31
2,2,1,1,1,1,112,32
2,1,1,0,1,0,192,33
2,1,0,1,1,1,126,34
2,2,1,1,1,1,147,35
2,2,1,0,0,1,61,36
2,3,1,1,1,1,31,37
2,4,1,1,1,1,66,38
2,3,0,0,0,1,52,39
2,4,1,1,1,1,30,40
2,3,1,1,0,0,26,41
2,2,1,1,1,1,121,42
2,3,1,1,1,1,47,43
2,4,1,1,0,0,69,44
2,4,1,1,1,1,95,45
2,1,0,0,0,1,167,46
2,2,1,1,1,1,146,47
2,1,1,1,0,0,133,48
2,2,0,0,1,0,113,49
2,4,1,1,0,0,155,50
2,1,0,1,0,0,80,51
2,3,0,0,1,0,187,52
2,2,1,0,0,1,34,53
2,4,1,1,0,0,7,54
2,3,1,1,1,1,99,55
2,1,1,0,1,0,139,56
2,3,1,1,0,0,2,57
2,2,1,1,1,1,76,58
2,1,0,0,1,0,14,59
2,3,0,1,0,0,56,60
2,4,0,1,0,0,141,61
2,2,1,0,1,0,4,62
2,1,0,1,0,0,50,63
2,4,1,1,0,0,119,64
2,1,1,0,1,0,32,65
2,3,1,1,1,1,143,66
2,4,0,1,1,1,103,67
2,2,0,1,0,0,88,68
2,1,0,1,0,0,44,69
2,4,1,1,0,0,98,70
2,2,1,1,1,1,150,71
2,3,0,1,0,0,71,72
2,2,1,1,1,1,156,73
2,4,1,1,0,0,78,74
2,2,0,0,1,0,40,75
2,4,1,1,0,0,11,76
2,1,0,1,0,0,43,77
2,1,1,1,0,0,122,78
2,3,0,1,1,1,20,79
2,3,0,1,1,1,128,80
2,1,1,0,0,1,79,81
2,2,1,1,1,1,13,82
2,4,0,1,1,1,62,83
2,4,1,1,0,0,104,84
2,3,0,1,0,0,154,85
2,2,1,1,1,1,72,86
2,1,0,0,0,1,174,87
2,3,0,1,1,1,165,88
2,1,0,0,0,1,59,89
2,4,1,1,0,0,1,90
2,2,1,1,0,0,89,91
2,3,0,1,0,0,45,92
2,3,1,1,0,0,176,93
2,2,0,1,0,0,16,94
2,1,1,0,1,0,131,95
2,4,0,1,1,1,123,96
2,3,1,1,0,0,58,97
2,1,1,0,1,0,188,98
2,3,1,1,1,1,117,99
2,2,0,1,0,0,90,100
2,2,0,0,1,0,53,101
2,4,0,1,0,0,60,102
2,4,1,1,1,1,172,103
2,1,0,1,1,1,145,104
2,4,1,1,1,1,191,105
2,1,0,0,1,0,15,106
2,2,1,1,0,0,57,107
2,4,0,0,1,0,170,108
2,1,0,1,0,0,186,109
2,3,1,1,0,0,74,110
2,3,0,1,1,1,135,111
2,2,0,1,0,0,23,112
2,1,1,1,1,1,8,113
2,2,0,0,0,1,39,114
2,4,1,1,1,1,151,115
2,4,1,1,1,1,81,116
2,3,1,1,0,0,144,117
2,1,0,1,0,0,73,118
2,2,0,1,1,1,159,119
2,3,1,1,1,1,157,120
2,3,0,0,1,0,33,121
2,2,0,1,1,1,18,122
2,1,0,0,1,0,68,123
2,1,0,1,0,0,153,124
2,4,1,1,1,1,97,125
2,2,0,1,1,1,162,126
2,3,1,1,0,0,140,127
2,4,1,1,1,1,96,128
3,2,1,1,0,0,181,1
3,2,0,1,0,0,118,2
3,3,0,1,0,0,107,3
3,4,1,1,0,0,124,4
3,4,1,1,0,0,161,5
3,1,0,0,0,1,86,6
3,3,1,0,0,1,177,7
3,1,0,1,1,1,3,8
3,3,0,0,1,0,179,9
3,1,1,0,1,0,6,10
3,4,1,1,1,1,163,11
3,2,0,1,0,0,184,12
3,2,0,1,1,1,115,13
3,4,1,1,0,0,100,14
3,3,0,1,1,1,64,15
3,1,0,1,0,0,29,16
3,3,0,1,0,0,102,17
3,1,1,1,0,0,37,18
3,4,1,1,1,1,183,19
3,3,0,0,1,0,166,20
3,2,0,1,1,1,189,21
3,4,1,1,0,0,137,22
3,1,0,0,1,0,85,23
3,2,0,1,1,1,111,24
3,2,1,1,1,1,19,25
3,3,1,0,1,0,110,26
3,1,1,0,0,1,112,27
3,2,1,1,0,0,125,28
3,1,1,1,1,1,25,29
3,4,1,1,1,1,28,30
3,4,0,0,1,0,185,31
3,3,1,1,1,1,129,32
3,2,1,1,1,1,31,33
3,4,0,1,0,0,126,34
3,4,1,1,0,0,192,35
3,3,0,0,0,1,66,36
3,1,0,1,0,0,147,37
3,3,1,0,1,0,30,38
3,2,0,0,0,1,52,39
3,1,0,0,1,0,61,40
3,3,0,1,0,0,95,41
3,4,0,1,1,1,167,42
3,4,0,0,1,0,133,43
3,2,1,1,0,0,26,44
3,2,0,0,0,1,47,45
3,1,0,1,1,1,121,46
3,1,0,1,0,0,146,47
3,3,1,0,0,1,69,48
3,1,0,1,1,1,113,49
3,4,0,0,1,0,80,50
3,2,1,1,0,0,99,51
3,1,0,1,1,1,34,52
3,4,0,1,1,1,139,53
3,2,0,0,1,0,187,54
3,3,1,1,1,1,7,55
3,3,0,0,1,0,155,56
3,4,1,1,0,0,14,57
3,4,1,1,0,0,50,58
3,1,1,1,1,1,76,59
3,3,0,1,0,0,141,60
3,2,0,0,0,1,56,61
3,2,1,1,0,0,2,62
3,3,0,0,1,0,119,63
3,1,0,0,0,1,4,64
3,2,0,0,0,NaN,71,65
3,3,0,1,0,0,103,66
3,4,1,1,0,0,32,67
3,1,0,1,1,1,150,68
3,4,1,1,0,0,44,69
3,1,0,0,1,0,88,70
3,2,1,1,1,1,143,71
3,3,1,1,1,1,98,72
3,4,1,1,1,1,122,73
3,2,0,1,0,0,128,74
3,4,1,1,1,1,43,75
3,1,0,1,1,1,40,76
3,1,1,0,1,0,156,77
3,3,1,0,1,0,78,78
3,3,1,1,0,0,11,79
3,2,1,1,0,0,20,80
3,3,1,1,1,1,104,81
3,2,1,1,0,0,154,82
3,4,0,0,1,0,174,83
3,1,0,1,0,0,13,84
3,2,1,1,0,0,165,85
3,3,0,1,0,0,62,86
3,1,1,0,1,0,72,87
3,4,1,1,0,0,79,88
3,3,1,1,0,0,1,89
3,1,1,1,1,1,16,90
3,1,1,0,1,0,89,91
3,3,0,1,1,1,123,92
3,2,1,1,1,1,176,93
3,4,1,1,0,0,59,94
3,4,1,1,1,1,131,95
3,2,1,1,0,0,45,96
3,4,0,1,1,1,145,97
3,1,0,0,1,0,53,98
3,1,0,0,0,1,90,99
3,3,1,0,0,1,172,100
3,2,1,1,1,1,117,101
3,2,0,0,1,0,58,102
3,4,1,1,1,1,188,103
3,3,1,1,1,1,60,104
3,4,0,1,0,0,186,105
3,2,1,1,0,0,74,106
3,1,0,1,1,1,57,107
3,3,0,1,1,1,191,108
3,4,1,1,0,0,15,109
3,1,0,0,1,0,23,110
3,2,0,0,1,0,135,111
3,3,1,1,0,0,170,112
3,1,0,1,1,1,39,113
3,4,1,1,1,1,73,114
3,3,1,0,1,0,151,115
3,3,1,1,0,0,81,116
3,2,1,1,1,1,157,117
3,1,0,1,0,0,159,118
3,2,1,1,1,1,144,119
3,4,1,1,0,0,8,120
3,1,0,0,0,1,162,121
3,2,1,1,1,1,33,122
3,3,1,1,1,1,96,123
3,4,0,1,0,0,153,124
3,2,1,1,1,1,140,125
3,1,1,1,0,0,18,126
3,4,1,1,1,1,68,127
3,3,1,1,1,1,97,128
4,1,1,0,1,0,161,1
4,2,0,1,0,0,3,2
4,2,0,1,1,1,86,3
4,4,1,1,1,1,177,4
4,4,1,1,0,0,107,5
4,3,0,1,1,1,118,6
4,1,0,0,1,0,124,7
4,3,1,1,0,0,181,8
4,2,1,0,1,0,6,9
4,1,1,1,0,0,100,10
4,1,0,0,0,1,163,11
4,4,0,1,1,1,179,12
4,3,0,1,1,1,184,13
4,4,1,1,0,0,64,14
4,3,0,0,0,1,115,15
4,2,1,1,1,1,29,16
4,4,1,1,1,1,102,17
4,2,0,1,0,0,85,18
4,2,1,1,0,0,37,19
4,1,0,1,1,1,183,20
4,4,1,1,1,1,166,21
4,1,0,0,0,1,137,22
4,3,1,1,1,1,189,23
4,3,0,0,0,1,111,24
4,3,0,1,0,0,19,25
4,4,0,0,0,1,110,26
4,2,1,1,1,1,25,27
4,1,0,0,1,0,28,28
4,2,1,1,0,0,112,29
4,1,0,0,1,0,185,30
4,4,1,1,0,0,129,31
4,3,1,1,1,1,125,32
4,2,1,1,1,1,61,33
4,2,1,1,1,1,147,34
4,1,1,1,0,0,192,35
4,4,1,1,1,1,66,36
4,3,1,0,1,0,31,37
4,4,1,1,1,1,30,38
4,3,0,1,1,1,52,39
4,1,0,1,1,1,126,40
4,2,1,1,0,0,121,41
4,1,1,1,0,0,167,42
4,3,0,1,1,1,47,43
4,4,0,1,1,1,95,44
4,1,1,0,1,0,133,45
4,2,1,1,1,1,146,46
4,4,1,1,0,0,69,47
4,3,1,1,1,1,26,48
4,4,1,0,0,1,155,49
4,2,1,1,0,0,113,50
4,3,0,1,0,0,99,51
4,1,0,0,0,1,139,52
4,2,1,0,0,1,34,53
4,1,0,1,1,1,80,54
4,3,0,1,1,1,187,55
4,4,1,1,1,1,7,56
4,2,1,0,1,0,4,57
4,1,0,0,1,0,14,58
4,1,0,1,0,0,50,59
4,3,0,1,0,0,2,60
4,4,0,1,1,1,141,61
4,3,0,0,0,1,56,62
4,2,1,0,0,1,76,63
4,4,1,1,1,1,119,64
4,4,0,1,1,1,103,65
4,3,0,0,0,NaN,71,66
4,1,1,0,0,1,32,67
4,2,1,1,0,0,150,68
4,3,0,0,1,0,143,69
4,2,1,1,0,0,88,70
4,1,0,0,1,0,44,71
4,4,1,1,0,0,98,72
4,3,0,0,0,1,20,73
4,4,1,1,0,0,11,74
4,1,0,0,1,0,43,75
4,4,1,1,0,0,78,76
4,3,0,0,0,1,128,77
4,2,0,0,1,0,40,78
4,2,1,1,0,0,156,79
4,1,1,1,0,0,122,80
4,4,1,1,0,0,104,81
4,4,0,1,1,1,62,82
4,2,1,1,0,0,13,83
4,1,0,0,0,1,174,84
4,3,0,1,0,0,165,85
4,3,0,0,1,0,154,86
4,2,1,0,1,0,72,87
4,1,1,0,1,0,79,88
4,3,1,1,0,0,176,89
4,1,0,0,0,1,59,90
4,4,1,1,0,0,1,91
4,2,1,1,0,0,16,92
4,3,0,1,1,1,45,93
4,4,0,1,1,1,123,94
4,2,1,1,0,0,89,95
4,1,1,0,1,0,131,96
4,3,0,0,1,2,117,97
4,2,0,0,1,0,90,98
4,2,0,0,0,1,53,99
4,1,1,0,1,0,188,100
4,3,0,0,1,0,58,101
4,1,0,0,0,1,145,102
4,4,0,0,1,0,172,103
4,4,0,1,0,0,60,104
4,3,0,0,1,0,135,105
4,1,0,0,1,0,15,106
4,4,1,1,0,0,191,107
4,4,0,0,1,0,170,108
4,2,0,1,1,1,23,109
4,1,1,1,0,0,186,110
4,2,0,1,1,1,57,111
4,3,1,1,0,0,74,112
4,2,0,1,1,1,159,113
4,4,1,1,0,0,81,114
4,1,1,1,0,0,8,115
4,3,1,1,0,0,144,116
4,2,0,0,1,0,39,117
4,1,1,1,0,0,73,118
4,4,1,1,1,1,151,119
4,3,1,1,0,0,157,120
4,4,1,1,0,0,96,121
4,1,1,0,1,0,153,122
4,1,0,0,1,0,68,123
4,3,1,0,1,0,140,124
4,2,0,0,1,0,162,125
4,4,1,1,0,0,97,126
4,3,0,0,0,1,33,127
4,2,0,0,1,0,18,128
5,2,0,1,1,1,181,1
5,1,0,0,1,0,86,2
5,4,0,0,0,1,161,3
5,3,0,0,1,0,107,4
5,1,0,1,0,0,3,5
5,3,0,1,1,1,177,6
5,4,0,0,1,0,124,7
5,2,0,1,0,0,118,8
5,4,1,0,0,1,100,9
5,1,0,0,0,NaN,6,10
5,1,0,0,1,0,29,11
5,4,0,1,0,0,163,12
5,2,0,1,1,1,115,13
5,3,0,0,0,1,179,14
5,2,0,0,1,0,184,15
5,3,1,1,1,1,64,16
5,4,0,0,1,0,137,17
5,3,0,0,1,NaN,102,18
5,1,1,0,0,1,37,19
5,1,0,1,1,1,85,20
5,4,0,0,0,1,183,21
5,2,0,0,1,0,189,22
5,3,0,1,0,0,166,23
5,2,0,1,1,1,111,24
5,2,0,0,0,1,19,25
5,1,0,0,1,NaN,25,26
5,4,0,0,1,0,28,27
5,3,0,0,1,0,129,28
5,2,0,0,0,1,125,29
5,1,0,0,1,0,112,30
5,3,0,1,0,0,110,31
5,4,0,0,1,0,185,32
5,1,0,1,-1,-1,61,33
5,3,0,1,-1,-1,30,34
5,2,0,1,-1,-1,52,35
5,3,0,1,-1,-1,66,36
5,1,0,1,-1,-1,147,37
5,4,0,1,-1,-1,192,38
5,4,0,1,-1,-1,126,39
5,2,0,1,-1,-1,31,40
5,1,0,1,-1,-1,146,41
5,4,0,1,-1,-1,167,42
5,4,0,1,-1,-1,133,43
5,3,0,1,-1,-1,95,44
5,2,0,1,-1,-1,26,45
5,2,0,1,-1,-1,47,46
5,1,0,1,-1,-1,121,47
5,3,0,1,-1,-1,69,48
5,1,0,1,-1,-1,113,49
5,3,0,1,-1,-1,7,50
5,3,0,1,-1,-1,155,51
5,2,0,1,-1,-1,187,52
5,2,0,1,-1,-1,99,53
5,1,0,1,-1,-1,34,54
5,4,0,1,-1,-1,80,55
5,4,0,1,-1,-1,139,56
5,1,0,1,-1,-1,4,57
5,3,0,1,-1,-1,119,58
5,1,0,1,-1,-1,76,59
5,2,0,1,-1,-1,2,60
5,2,0,1,-1,-1,56,61
5,4,0,1,-1,-1,50,62
5,4,0,1,-1,-1,14,63
5,3,0,1,-1,-1,141,64
5,4,0,1,-1,-1,32,65
5,3,0,1,-1,-1,98,66
5,1,0,1,-1,-1,88,67
5,3,0,1,-1,-1,103,68
5,2,0,1,-1,-1,71,69
5,1,0,1,-1,-1,150,70
5,2,0,1,-1,-1,143,71
5,4,0,1,-1,-1,44,72
5,4,0,1,-1,-1,43,73
5,1,0,1,-1,-1,156,74
5,3,0,1,-1,-1,11,75
5,2,0,1,-1,-1,20,76
5,3,0,1,-1,-1,78,77
5,1,0,1,-1,-1,40,78
5,2,0,1,-1,-1,128,79
5,4,0,1,-1,-1,122,80
5,2,0,1,-1,-1,154,81
5,1,0,1,-1,-1,13,82
5,4,0,1,-1,-1,79,83
5,2,0,1,-1,-1,165,84
5,3,0,1,-1,-1,104,85
5,1,0,1,-1,-1,72,86
5,3,0,1,-1,-1,62,87
5,4,0,1,-1,-1,174,88
5,1,0,1,-1,-1,16,89
5,1,0,1,-1,-1,89,90
5,2,0,1,-1,-1,45,91
5,4,0,1,-1,-1,59,92
5,2,0,1,-1,-1,176,93
5,4,0,1,-1,-1,131,94
5,3,0,1,-1,-1,1,95
5,3,0,1,-1,-1,123,96
5,3,0,1,-1,-1,172,97
5,3,0,1,-1,-1,60,98
5,1,0,1,-1,-1,53,99
5,4,0,1,-1,-1,188,100
5,4,0,1,-1,-1,145,101
5,2,0,1,-1,-1,58,102
5,1,0,1,-1,-1,90,103
5,2,0,1,-1,-1,117,104
5,1,0,1,-1,-1,23,105
5,4,0,1,-1,-1,15,106
5,3,0,1,-1,-1,170,107
5,1,0,1,-1,-1,57,108
5,2,0,1,-1,-1,135,109
5,2,0,1,-1,-1,74,110
5,4,0,1,-1,-1,186,111
5,3,0,1,-1,-1,191,112
5,3,0,1,-1,-1,81,113
5,2,0,1,-1,-1,144,114
5,4,0,1,-1,-1,73,115
5,1,0,1,-1,-1,39,116
5,2,0,1,-1,-1,157,117
5,1,0,1,-1,-1,159,118
5,4,0,1,-1,-1,8,119
5,3,0,1,-1,-1,151,120
5,3,0,1,-1,-1,97,121
5,4,0,1,-1,-1,153,122
5,2,0,1,-1,-1,33,123
5,1,0,1,-1,-1,18,124
5,4,0,1,-1,-1,68,125
5,3,0,1,-1,-1,96,126
5,1,0,1,-1,-1,162,127
5,2,0,1,-1,-1,140,128
6,3,0,0,1,0,118,1
6,2,0,0,0,1,3,2
6,4,0,0,1,0,177,3
6,3,0,0,1,0,181,4
6,1,0,0,0,NaN,124,5
6,4,0,0,1,0,107,6
6,2,0,0,0,1,86,7
6,1,0,1,0,0,161,8
6,2,0,1,1,1,29,9
6,2,0,1,0,0,6,10
6,3,0,1,1,1,184,11
6,4,0,1,0,0,64,12
6,1,1,0,1,0,100,13
6,3,0,1,1,1,115,14
6,1,1,1,0,0,163,15
6,4,0,1,1,1,179,16
6,1,0,0,1,NaN,137,17
6,4,1,1,0,0,102,18
6,2,1,1,0,0,37,19
6,3,0,1,1,1,111,20
6,2,0,1,1,1,85,21
6,3,0,1,0,0,189,22
6,1,0,1,0,0,183,23
6,4,1,1,0,0,166,24
6,4,0,0,0,1,110,25
6,2,1,1,1,1,112,26
6,3,1,1,1,1,125,27
6,4,1,1,1,1,129,28
6,1,0,1,0,0,28,29
6,2,1,1,1,1,25,30
6,1,0,0,0,1,185,31
6,3,0,1,1,1,19,32
6,4,1,1,1,1,66,33
6,3,0,0,0,1,52,34
6,1,0,0,1,0,126,35
6,4,1,1,1,1,30,36
6,2,0,0,0,1,61,37
6,2,0,1,0,0,147,38
6,3,0,1,1,1,31,39
6,1,1,0,1,0,192,40
6,2,0,1,1,1,121,41
6,1,1,0,1,0,133,42
6,2,0,1,0,0,146,43
6,4,1,1,1,1,69,44
6,3,0,0,1,0,26,45
6,4,0,0,0,1,95,46
6,1,0,1,0,0,167,47
6,3,0,0,1,0,47,48
6,4,0,0,0,1,155,49
6,1,0,0,1,0,80,50
6,1,0,1,0,0,139,51
6,2,0,0,0,1,113,52
6,3,0,0,0,1,187,53
6,2,1,0,1,0,34,54
6,3,0,1,0,0,99,55
6,4,0,1,0,0,7,56
6,4,1,1,0,0,141,57
6,2,0,1,1,1,76,58
6,2,0,0,0,1,4,59
6,3,0,1,1,1,56,60
6,1,0,1,0,0,14,61
6,3,1,0,1,0,2,62
6,1,0,1,0,0,50,63
6,4,1,0,1,0,119,64
6,3,0,1,1,1,71,65
6,1,1,0,1,0,44,66
6,4,1,1,0,0,98,67
6,2,0,0,1,0,150,68
6,3,0,1,0,0,143,69
6,1,1,1,0,0,32,70
6,2,1,1,0,0,88,71
6,4,0,1,0,0,103,72
6,4,0,0,1,0,78,73
6,3,0,0,0,1,128,74
6,2,1,1,0,0,156,75
6,4,1,1,1,1,11,76
6,1,0,1,0,0,43,77
6,2,0,0,0,1,40,78
6,3,0,1,0,0,20,79
6,1,1,1,0,0,122,80
6,4,0,1,-1,-1,62,81
6,1,0,1,-1,-1,79,82
6,2,0,1,-1,-1,72,83
6,3,0,1,-1,-1,165,84
6,3,0,1,-1,-1,154,85
6,4,0,1,-1,-1,104,86
6,2,0,1,-1,-1,13,87
6,1,0,1,-1,-1,174,88
6,4,0,1,-1,-1,123,89
6,2,0,1,-1,-1,89,90
6,2,0,1,-1,-1,16,91
6,1,0,1,-1,-1,131,92
6,3,0,1,-1,-1,176,93
6,1,0,1,-1,-1,59,94
6,3,0,1,-1,-1,45,95
6,4,0,1,-1,-1,1,96
6,2,0,1,-1,-1,90,97
6,4,0,1,-1,-1,172,98
6,4,0,1,-1,-1,60,99
6,3,0,1,-1,-1,58,100
6,3,0,1,-1,-1,117,101
6,1,0,1,-1,-1,188,102
6,1,0,1,-1,-1,145,103
6,2,0,1,-1,-1,53,104
6,4,0,1,-1,-1,191,105
6,1,0,1,-1,-1,15,106
6,1,0,1,-1,-1,186,107
6,3,0,1,-1,-1,74,108
6,2,0,1,-1,-1,23,109
6,3,0,1,-1,-1,135,110
6,2,0,1,-1,-1,57,111
6,4,0,1,-1,-1,170,112
6,2,0,1,-1,-1,159,113
6,1,0,1,-1,-1,8,114
6,1,0,1,-1,-1,73,115
6,2,0,1,-1,-1,39,116
6,4,0,1,-1,-1,81,117
6,4,0,1,-1,-1,151,118
6,3,0,1,-1,-1,144,119
6,3,0,1,-1,-1,157,120
6,1,0,1,-1,-1,68,121
6,4,0,1,-1,-1,97,122
6,1,0,1,-1,-1,153,123
6,3,0,1,-1,-1,140,124
6,2,0,1,-1,-1,18,125
6,2,0,1,-1,-1,162,126
6,3,0,1,-1,-1,33,127
6,4,0,1,-1,-1,96,128
7,1,1,0,0,1,107,1
7,1,0,0,1,0,177,2
7,3,0,0,0,1,3,3
7,3,0,0,1,0,86,4
7,2,1,1,1,1,161,5
7,2,0,0,0,1,124,6
7,4,0,0,1,0,181,7
7,4,0,1,0,0,118,8
7,2,0,1,1,1,163,9
7,1,0,0,1,0,64,10
7,3,0,1,0,0,6,11
7,4,0,0,1,0,115,12
7,3,0,1,0,0,29,13
7,4,0,1,0,0,184,14
7,2,1,1,1,1,100,15
7,1,0,0,0,1,179,16
7,2,0,1,0,0,183,17
7,3,0,1,1,1,85,18
7,2,0,1,1,1,137,19
7,4,0,1,1,1,111,20
7,1,0,1,0,0,166,21
7,1,0,0,1,0,102,22
7,3,0,1,0,0,37,23
7,4,1,1,1,1,189,24
7,2,0,1,0,0,185,25
7,1,0,0,1,0,110,26
7,4,0,0,0,1,19,27
7,1,0,1,0,0,129,28
7,3,0,1,0,0,112,29
7,3,0,0,1,0,25,30
7,2,1,1,1,1,28,31
7,4,0,0,0,1,125,32
7,1,0,1,0,0,30,33
7,4,0,0,0,1,52,34
7,3,0,1,1,1,147,35
7,2,1,1,0,0,192,36
7,2,0,1,1,1,126,37
7,1,0,1,1,1,66,38
7,4,0,0,0,1,31,39
7,3,1,0,1,0,61,40
7,2,0,0,1,0,133,41
7,1,0,1,0,0,95,42
7,1,0,0,0,1,69,43
7,2,0,0,1,0,167,44
7,4,0,0,1,0,26,45
7,3,0,1,0,0,146,46
7,4,0,0,0,1,47,47
7,3,0,0,1,NaN,121,48
7,1,0,0,1,0,7,49
7,2,0,0,1,0,80,50
7,4,0,1,0,0,187,51
7,4,0,1,0,0,99,52
7,3,0,1,0,0,113,53
7,3,0,1,0,0,34,54
7,1,0,0,0,NaN,155,55
7,2,0,1,1,1,139,56
7,4,0,1,0,0,56,57
7,2,0,1,1,1,50,58
7,4,0,1,1,1,2,59
7,1,0,1,1,1,141,60
7,3,0,0,0,1,4,61
7,1,0,0,1,0,119,62
7,2,0,1,0,0,14,63
7,3,0,0,0,1,76,64
7,2,1,1,0,0,32,65
7,4,0,1,1,1,71,66
7,1,0,1,1,1,103,67
7,1,0,1,1,1,98,68
7,2,0,1,0,0,44,69
7,3,0,0,1,0,88,70
7,3,0,1,0,0,150,71
7,4,1,1,0,0,143,72
7,2,0,1,1,1,43,73
7,3,0,0,1,0,40,74
7,1,0,1,1,1,78,75
7,4,0,1,0,0,20,76
7,2,0,0,1,0,122,77
7,4,0,1,0,0,128,78
7,3,0,0,0,1,156,79
7,1,0,1,0,0,11,80
7,2,1,1,1,1,79,81
7,2,0,1,1,1,174,82
7,3,0,0,0,2,72,83
7,1,0,0,1,0,62,84
7,4,0,1,0,0,154,85
7,3,0,0,1,0,13,86
7,4,0,1,1,1,165,87
7,1,0,0,1,0,104,88
7,1,0,0,1,0,123,89
7,4,0,1,0,0,176,90
7,1,0,0,0,1,1,91
7,3,0,1,1,1,89,92
7,2,0,1,1,1,131,93
7,4,0,1,1,1,45,94
7,2,0,1,1,1,59,95
7,3,0,0,1,0,16,96
7,1,0,0,1,0,172,97
7,4,0,0,0,1,117,98
7,1,0,0,0,1,60,99
7,2,0,1,0,0,188,100
7,2,0,1,1,1,145,101
7,3,0,1,0,0,53,102
7,3,0,1,1,1,90,103
7,4,0,0,1,0,58,104
7,2,0,0,1,0,186,105
7,3,0,1,1,1,23,106
7,4,0,0,1,0,74,107
7,3,0,0,1,0,57,108
7,1,0,0,0,1,170,109
7,1,0,1,0,0,191,110
7,4,0,1,1,1,135,111
7,2,0,0,0,1,15,112
7,3,0,1,0,0,159,113
7,1,0,1,1,1,81,114
7,3,0,0,0,1,39,115
7,2,0,0,0,1,73,116
7,4,0,1,0,0,157,117
7,1,0,1,1,1,151,118
7,4,0,1,1,1,144,119
7,2,0,1,1,1,8,120
7,2,0,0,0,1,153,121
7,4,0,1,1,1,33,122
7,2,0,0,1,0,68,123
7,1,0,0,0,1,97,124
7,3,0,1,1,1,18,125
7,3,0,0,0,1,162,126
7,1,0,1,0,0,96,127
7,4,0,0,0,1,140,128
8,4,1,1,1,1,3,1
8,2,0,0,1,0,177,2
8,3,1,1,1,1,124,3
8,4,0,1,0,0,86,4
8,2,1,1,1,1,107,5
8,1,0,0,1,0,181,6
8,3,1,0,0,1,161,7
8,1,0,0,1,0,118,8
8,4,0,1,1,1,29,9
8,2,1,1,1,1,179,10
8,3,1,0,0,1,163,11
8,1,0,1,0,0,184,12
8,4,1,1,0,0,6,13
8,3,0,1,0,0,100,14
8,1,0,1,0,0,115,15
8,2,1,1,1,1,64,16
8,2,0,0,1,0,102,17
8,1,0,0,0,1,111,18
8,4,0,0,1,0,85,19
8,3,0,1,1,1,183,20
8,2,0,0,1,0,166,21
8,3,0,1,0,0,137,22
8,4,1,1,1,1,37,23
8,1,0,0,1,0,189,24
8,1,0,0,1,0,19,25
8,2,1,1,0,0,129,26
8,3,0,0,1,0,28,27
8,4,1,1,1,1,112,28
8,4,1,1,1,1,25,29
8,2,1,0,0,1,110,30
8,1,1,0,1,0,125,31
8,3,0,0,0,1,185,32
8,2,0,0,1,0,66,33
8,1,0,1,1,1,52,34
8,4,1,0,0,1,61,35
8,1,1,1,0,0,31,36
8,4,1,1,0,0,147,37
8,3,0,1,0,0,126,38
8,3,1,1,1,1,192,39
8,2,0,1,0,0,30,40
8,2,0,1,0,0,95,41
8,1,0,0,0,1,47,42
8,3,1,1,0,0,133,43
8,4,0,0,0,1,121,44
8,3,0,1,0,0,167,45
8,1,0,1,0,0,26,46
8,2,1,1,0,0,69,47
8,4,1,1,0,0,146,48
8,3,0,1,0,0,80,49
8,2,1,0,0,1,155,50
8,3,0,1,0,0,139,51
8,1,1,0,1,0,187,52
8,4,1,0,1,0,34,53
8,1,0,1,0,0,99,54
8,2,1,0,0,1,7,55
8,4,0,0,0,1,113,56
8,1,0,0,1,0,2,57
8,4,1,1,1,1,4,58
8,1,0,0,0,1,56,59
8,3,0,0,0,1,14,60
8,4,0,1,1,1,76,61
8,3,1,1,1,1,50,62
8,2,0,0,0,1,119,63
8,2,0,0,0,1,141,64
8,4,1,1,0,0,88,65
8,1,0,0,0,1,143,66
8,1,0,1,1,1,71,67
8,3,1,1,1,1,32,68
8,2,1,0,1,0,98,69
8,2,1,1,1,1,103,70
8,4,0,0,1,0,150,71
8,3,0,1,0,0,44,72
8,4,1,1,0,0,156,73
8,1,0,0,1,0,128,74
8,1,0,1,0,0,20,75
8,3,1,1,1,1,122,76
8,4,0,1,1,1,40,77
8,2,0,1,1,1,11,78
8,2,1,1,0,0,78,79
8,3,0,1,1,1,43,80
8,2,1,1,0,0,104,81
8,4,1,1,0,0,13,82
8,1,0,1,0,0,154,83
8,4,1,1,1,1,72,84
8,3,1,1,1,1,79,85
8,2,1,1,1,1,62,86
8,3,0,1,1,1,174,87
8,1,0,0,1,0,165,88
8,1,0,1,0,0,45,89
8,4,1,1,0,0,89,90
8,1,0,1,0,0,176,91
8,3,0,0,0,1,59,92
8,4,1,1,0,0,16,93
8,3,1,1,1,1,131,94
8,2,0,1,1,1,123,95
8,2,0,1,1,1,1,96
8,3,0,1,0,0,188,97
8,3,0,1,0,0,145,98
8,2,1,1,0,0,172,99
8,1,0,1,1,1,117,100
8,4,0,1,1,1,90,101
8,1,0,0,1,0,58,102
8,4,0,0,0,1,53,103
8,2,1,1,1,1,60,104
8,3,0,1,1,1,186,105
8,4,1,1,0,0,57,106
8,2,0,0,1,0,191,107
8,4,1,1,0,0,23,108
8,1,1,0,1,0,74,109
8,3,0,0,1,0,15,110
8,1,0,0,1,0,135,111
8,2,1,1,0,0,170,112
8,4,1,1,0,0,39,113
8,1,1,1,0,0,157,114
8,2,1,1,0,0,81,115
8,4,1,1,1,1,159,116
8,1,1,1,0,0,144,117
8,3,0,1,0,0,8,118
8,2,0,0,0,1,151,119
8,3,1,1,0,0,73,120
8,4,0,1,0,0,162,121
8,2,1,1,1,1,97,122
8,3,0,1,0,0,153,123
8,3,1,1,1,1,68,124
8,1,1,1,0,0,140,125
8,4,1,1,1,1,18,126
8,2,0,0,0,1,96,127
8,1,0,0,0,1,33,128
9,3,0,1,0,0,118,1
9,1,0,1,0,0,161,2
9,2,0,1,0,0,86,3
9,3,0,1,0,0,181,4
9,4,1,1,1,1,107,5
9,4,1,1,0,0,177,6
9,2,0,1,1,1,3,7
9,1,1,1,0,0,124,8
9,1,0,0,1,0,163,9
9,4,0,1,0,0,64,10
9,2,1,1,0,0,6,11
9,3,0,1,0,0,184,12
9,1,0,1,0,0,100,13
9,2,0,1,1,1,29,14
9,3,0,0,0,1,115,15
9,4,0,1,0,0,179,16
9,1,0,1,0,0,183,17
9,2,0,1,0,0,85,18
9,4,1,1,1,1,166,19
9,4,0,1,0,0,102,20
9,3,0,1,0,0,111,21
9,3,0,1,0,0,189,22
9,2,1,1,0,0,37,23
9,1,1,1,0,0,137,24
9,2,1,1,1,1,25,25
9,2,1,1,1,1,112,26
9,4,0,0,1,0,110,27
9,1,0,1,0,0,185,28
9,1,0,0,1,0,28,29
9,3,0,1,0,0,19,30
9,3,0,1,0,0,125,31
9,4,0,1,0,0,129,32
9,2,0,0,0,1,61,33
9,4,1,1,0,0,66,34
9,3,0,1,1,1,31,35
9,1,0,0,1,0,126,36
9,3,0,1,1,1,52,37
9,4,1,1,0,0,30,38
9,2,0,1,1,1,147,39
9,1,1,0,1,0,192,40
9,2,0,0,0,1,146,41
9,1,1,0,1,0,133,42
9,1,0,0,1,0,167,43
9,4,1,1,0,0,69,44
9,3,0,1,1,1,26,45
9,2,0,1,0,0,121,46
9,3,0,0,0,1,47,47
9,4,0,1,0,0,95,48
9,3,1,1,0,0,99,49
9,2,1,1,0,0,113,50
9,1,1,1,0,0,139,51
9,1,0,1,0,0,80,52
9,2,0,1,1,1,34,53
9,3,0,0,1,0,187,54
9,4,1,0,1,0,155,55
9,4,0,1,0,0,7,56
9,3,0,1,1,1,2,57
9,3,0,1,1,1,56,58
9,4,1,1,1,1,141,59
9,4,0,1,0,0,119,60
9,2,0,1,0,0,76,61
9,1,0,1,0,0,14,62
9,1,1,0,1,0,50,63
9,2,0,1,1,1,4,64
9,1,0,1,0,0,32,65
9,2,0,0,1,0,150,66
9,4,1,1,0,0,98,67
9,1,0,1,1,1,44,68
9,4,1,1,0,0,103,69
9,3,0,0,0,1,71,70
9,3,1,0,1,0,143,71
9,2,0,1,1,1,88,72
9,4,1,1,1,1,78,73
9,2,0,0,1,0,40,74
9,2,1,1,0,0,156,75
9,3,0,1,0,0,128,76
9,1,1,1,0,0,122,77
9,4,0,1,1,1,11,78
9,3,1,1,1,1,20,79
9,1,0,0,1,0,43,80
9,2,1,1,1,1,13,81
9,3,0,1,1,1,154,82
9,1,0,0,1,0,174,83
9,3,0,1,1,1,165,84
9,4,1,1,0,0,104,85
9,2,1,1,1,1,72,86
9,1,1,1,0,0,79,87
9,4,1,1,0,0,62,88
9,4,1,1,1,1,123,89
9,4,1,1,0,0,1,90
9,3,0,1,1,1,45,91
9,2,1,1,0,0,89,92
9,1,0,0,0,1,59,93
9,3,1,1,0,0,176,94
9,1,1,1,0,0,131,95
9,2,1,1,0,0,16,96
9,4,1,1,0,0,60,97
9,2,1,1,1,1,90,98
9,3,0,1,0,0,117,99
9,3,0,0,0,1,58,100
9,1,1,1,0,0,188,101
9,1,0,0,0,1,145,102
9,4,1,1,1,1,172,103
9,2,0,1,1,1,53,104
9,3,0,1,1,1,135,105
9,4,0,1,0,0,191,106
9,2,1,1,1,1,23,107
9,1,1,1,0,0,186,108
9,3,1,1,0,0,74,109
9,2,0,1,1,1,57,110
9,4,1,1,1,1,170,111
9,1,0,1,0,0,15,112
9,4,1,1,1,1,151,113
9,1,0,1,0,0,73,114
9,2,0,1,0,0,39,115
9,3,1,1,1,1,144,116
9,3,1,1,1,1,157,117
9,1,0,0,1,0,8,118
9,4,1,1,1,1,81,119
9,2,0,1,1,1,159,120
9,4,1,1,0,0,97,121
9,2,0,0,1,0,162,122
9,1,1,0,1,0,153,123
9,4,1,1,0,0,96,124
9,3,0,0,0,1,140,125
9,1,0,1,0,0,68,126
9,2,0,0,0,1,18,127
9,3,0,0,1,0,33,128
10,3,0,1,1,1,3,1
10,1,0,0,1,0,177,2
10,2,0,1,1,1,161,3
10,4,1,1,0,0,118,4
10,2,1,1,0,0,124,5
10,1,0,1,0,0,107,6
10,3,0,1,0,0,86,7
10,4,1,1,0,0,181,8
10,1,1,1,0,0,179,9
10,2,1,1,0,0,100,10
10,3,1,1,1,1,29,11
10,3,0,1,0,0,6,12
10,2,1,1,0,0,163,13
10,4,0,1,1,1,115,14
10,1,0,1,0,0,64,15
10,4,0,1,0,0,184,16
10,2,0,1,1,1,137,17
10,3,0,1,1,1,85,18
10,4,0,1,0,0,111,19
10,2,0,0,0,1,183,20
10,3,1,1,0,0,37,21
10,4,1,1,0,0,189,22
10,1,0,0,1,0,102,23
10,1,0,1,0,0,166,24
10,2,1,1,1,1,28,25
10,1,1,0,1,0,129,26
10,1,0,1,1,1,110,27
10,3,1,1,0,0,25,28
10,3,1,1,0,0,112,29
10,2,0,1,1,1,185,30
10,4,0,1,1,1,19,31
10,4,1,1,1,1,125,32
10,2,1,1,0,0,126,33
10,4,0,1,1,1,52,34
10,4,1,1,1,1,31,35
10,1,1,1,1,1,30,36
10,3,0,0,0,1,61,37
10,1,0,0,1,0,66,38
10,2,1,1,0,0,192,39
10,3,0,1,0,0,147,40
10,1,1,1,0,0,95,41
10,1,0,0,1,0,69,42
10,2,0,0,0,1,167,43
10,4,0,1,1,1,47,44
10,2,1,1,1,1,133,45
10,3,1,1,1,1,121,46
10,4,1,1,1,1,26,47
10,3,0,0,0,1,146,48
10,3,0,0,1,0,113,49
10,3,0,1,0,0,34,50
10,1,1,0,1,0,7,51
10,1,0,0,0,1,155,52
10,2,1,0,1,0,80,53
10,2,1,1,0,0,139,54
10,4,1,1,1,1,187,55
10,4,1,1,1,1,99,56
10,4,0,1,1,1,56,57
10,3,0,1,0,0,4,58
10,2,1,1,1,1,50,59
10,1,0,1,0,0,141,60
10,1,0,1,0,0,119,61
10,4,0,1,1,1,2,62
10,2,0,1,0,0,14,63
10,3,0,0,1,0,76,64
10,4,0,0,0,1,71,65
10,2,1,1,1,1,32,66
10,1,1,1,0,0,98,67
10,3,0,1,1,1,150,68
10,3,0,1,1,1,88,69
10,1,1,0,1,0,103,70
10,2,1,0,0,1,44,71
10,4,0,1,0,0,143,72
10,1,1,1,0,0,78,73
10,2,1,1,0,0,122,74
10,1,0,0,1,0,11,75
10,3,0,0,1,0,40,76
10,2,0,1,1,1,43,77
10,4,0,1,1,1,128,78
10,4,1,1,0,0,20,79
10,3,1,1,1,1,156,80
10,1,1,0,1,0,62,81
10,2,0,1,1,1,174,82
10,1,0,1,0,0,104,83
10,3,1,1,0,0,13,84
10,2,1,1,1,1,79,85
10,4,1,1,0,0,154,86
10,4,0,1,0,0,165,87
10,3,1,1,0,0,72,88
10,2,0,1,0,0,59,89
10,1,0,1,0,0,123,90
10,3,1,1,1,1,16,91
10,4,0,1,1,1,45,92
10,2,1,1,1,1,131,93
10,1,0,0,1,0,1,94
10,4,0,1,1,1,176,95
10,3,1,1,0,0,89,96
10,2,1,1,0,0,188,97
10,1,1,1,0,0,172,98
10,4,1,1,0,0,117,99
10,1,0,1,0,0,60,100
10,4,1,1,1,1,58,101
10,2,0,0,1,0,145,102
10,3,1,0,0,1,90,103
10,3,0,0,0,1,53,104
10,2,1,1,1,1,15,105
10,4,0,1,0,0,135,106
10,1,0,1,1,1,170,107
10,4,1,1,1,1,74,108
10,3,0,1,0,0,57,109
10,3,0,1,0,0,23,110
10,1,0,0,0,1,191,111
10,2,1,1,0,0,186,112
10,3,0,1,0,0,39,113
10,4,1,1,0,0,157,114
10,2,0,1,1,1,73,115
10,3,0,1,0,0,159,116
10,1,1,1,0,0,81,117
10,1,1,0,1,0,151,118
10,2,1,1,0,0,8,119
10,4,1,1,1,1,144,120
10,4,0,0,0,1,140,121
10,2,0,1,0,0,153,122
10,3,1,1,0,0,18,123
10,3,0,0,0,1,162,124
10,4,1,1,0,0,33,125
10,1,1,0,1,0,97,126
10,1,1,0,1,0,96,127
10,2,1,1,0,0,68,128
11,1,0,0,0,1,181,1
11,4,1,1,0,0,3,2
11,1,0,1,0,0,118,3
11,3,0,1,1,1,161,4
11,4,0,1,0,0,86,5
11,3,0,0,1,0,124,6
11,2,1,1,0,0,177,7
11,2,1,1,0,0,107,8
11,3,0,1,1,1,163,9
11,2,0,0,0,1,179,10
11,4,0,1,0,0,6,11
11,1,0,1,1,1,115,12
11,2,0,1,1,1,64,13
11,3,0,1,0,0,100,14
11,1,0,0,1,0,184,15
11,4,1,1,1,1,29,16
11,3,0,1,1,1,137,17
11,1,0,0,1,0,189,18
11,2,0,1,0,0,166,19
11,2,0,1,0,0,102,20
11,1,0,1,1,1,111,21
11,3,0,0,1,0,183,22
11,4,1,1,0,0,37,23
11,4,0,1,1,1,85,24
11,2,0,0,1,0,110,25
11,1,0,0,1,0,19,26
11,3,0,0,0,1,28,27
11,4,1,1,0,0,112,28
11,4,1,1,0,0,25,29
11,3,0,0,1,0,185,30
11,1,0,0,0,1,125,31
11,2,1,1,1,1,129,32
11,4,1,1,0,0,147,33
11,1,0,0,0,1,31,34
11,3,0,1,0,0,126,35
11,1,0,1,1,1,52,36
11,2,1,0,1,0,30,37
11,4,0,0,1,0,61,38
11,3,1,1,0,0,192,39
11,2,0,0,0,1,66,40
11,4,1,1,0,0,121,41
11,2,0,1,1,1,95,42
11,1,0,1,0,0,47,43
11,3,1,1,0,0,133,44
11,2,0,0,0,1,69,45
11,3,0,1,0,0,167,46
11,1,0,1,0,0,26,47
11,4,1,1,0,0,146,48
11,3,0,1,0,0,80,49
11,2,1,1,0,0,7,50
11,3,0,1,0,0,139,51
11,2,0,0,1,0,155,52
11,1,0,1,0,0,99,53
11,4,0,1,1,1,113,54
11,1,0,1,0,0,187,55
11,4,0,1,0,0,34,56
11,2,1,1,1,1,119,57
11,4,0,1,0,0,4,58
11,3,1,1,0,0,50,59
11,3,0,1,1,1,14,60
11,4,1,0,1,0,76,61
11,2,0,0,0,1,141,62
11,1,0,1,0,0,56,63
11,1,0,0,1,0,2,64
11,3,0,0,1,0,44,65
11,4,0,0,1,0,150,66
11,1,0,1,0,0,143,67
11,2,0,1,0,0,98,68
11,3,1,1,1,1,32,69
11,1,0,1,0,0,71,70
11,4,1,1,0,0,88,71
11,2,0,1,0,0,103,72
11,4,0,0,1,0,40,73
11,1,0,0,1,0,128,74
11,3,0,0,1,0,43,75
11,2,0,1,1,1,11,76
11,4,1,1,1,1,156,77
11,2,1,1,1,1,78,78
11,1,0,0,1,0,20,79
11,3,1,1,0,0,122,80
11,2,1,1,0,0,62,81
11,1,1,1,0,0,165,82
11,3,1,1,0,0,79,83
11,4,1,1,1,1,13,84
11,3,0,1,1,1,174,85
11,4,1,1,0,0,72,86
11,1,0,0,1,0,154,87
11,2,1,1,1,1,104,88
11,2,0,1,1,1,123,89
11,4,1,1,1,1,16,90
11,4,1,1,1,1,89,91
11,2,0,1,1,1,1,92
11,3,1,1,0,0,131,93
11,1,0,1,1,1,45,94
11,3,0,0,1,0,59,95
11,1,0,0,1,0,176,96
11,3,0,1,1,1,188,97
11,1,0,1,0,0,117,98
11,1,0,1,0,0,58,99
11,3,0,1,0,0,145,100
11,4,0,0,0,1,53,101
11,2,0,1,1,1,172,102
11,2,1,1,0,0,60,103
11,4,0,0,1,0,90,104
11,4,0,1,1,1,23,105
11,1,0,1,0,0,135,106
11,3,0,0,1,0,15,107
11,2,0,1,0,0,170,108
11,1,1,0,1,0,74,109
11,3,0,1,0,0,186,110
11,2,0,1,0,0,191,111
11,4,0,0,1,0,57,112
11,4,0,1,0,0,39,113
11,3,0,1,0,0,73,114
11,3,1,1,1,1,8,115
11,1,0,0,0,1,144,116
11,4,0,1,1,1,159,117
11,2,0,0,1,0,151,118
11,1,0,0,1,0,157,119
11,2,1,1,1,1,81,120
11,4,0,0,1,0,162,121
11,4,1,0,0,1,18,122
11,1,1,0,1,0,33,123
11,1,1,1,0,0,140,124
11,3,0,0,0,1,153,125
11,3,0,0,1,0,68,126
11,2,1,1,0,0,97,127
11,2,1,1,1,1,96,128
12,2,0,0,1,0,3,1
12,4,1,1,1,1,177,2
12,1,1,1,1,1,161,3
12,1,0,0,1,0,124,4
12,4,1,1,1,1,107,5
12,3,0,1,1,1,181,6
12,2,0,0,1,0,86,7
12,3,0,0,0,NaN,118,8
12,4,1,0,0,1,64,9
12,1,0,1,0,0,100,10
12,4,0,0,0,NaN,179,11
12,3,0,1,0,0,115,12
12,2,1,1,1,1,6,13
12,1,1,0,1,0,163,14
12,3,0,1,1,1,184,15
12,2,1,1,0,0,29,16
12,1,0,0,1,0,137,17
12,2,0,0,1,0,85,18
12,3,0,1,0,0,111,19
12,1,0,1,1,1,183,20
12,3,1,1,0,0,189,21
12,4,1,1,0,0,166,22
12,4,0,1,0,0,102,23
12,2,0,0,0,1,37,24
12,3,0,0,0,NaN,125,25
12,2,1,1,1,1,25,26
12,4,0,0,0,1,110,27
12,1,0,0,1,0,28,28
12,1,0,1,0,0,185,29
12,2,0,0,0,NaN,112,30
12,3,1,1,0,0,19,31
12,4,0,0,1,0,129,32
12,3,0,1,1,1,31,33
12,4,0,0,0,1,66,34
12,1,1,1,0,0,192,35
12,2,0,1,0,0,147,36
12,2,1,0,0,1,61,37
12,4,1,0,1,0,30,38
12,1,0,0,0,1,126,39
12,3,0,0,0,1,52,40
12,2,1,1,1,1,146,41
12,3,0,0,1,0,47,42
12,4,1,0,0,1,95,43
12,1,0,1,1,1,167,44
12,3,0,1,1,1,26,45
12,2,1,1,0,0,121,46
12,1,0,0,0,1,133,47
12,4,1,1,0,0,69,48
12,2,0,0,0,1,34,49
12,4,1,1,1,1,7,50
12,2,0,1,1,1,113,51
12,1,0,1,0,0,80,52
12,4,0,1,1,1,155,53
12,3,0,0,1,NaN,187,54
12,3,0,0,0,1,99,55
12,1,1,0,1,0,139,56
12,2,1,0,1,0,76,57
12,1,0,1,1,1,14,58
12,1,1,0,1,0,50,59
12,2,0,0,0,1,4,60
12,4,1,1,0,0,119,61
12,4,0,0,1,NaN,141,62
12,3,0,0,0,1,2,63
12,3,0,0,0,1,56,64
12,3,0,1,0,0,143,65
12,4,0,1,1,1,103,66
12,1,1,1,0,0,44,67
12,2,1,1,0,0,88,68
12,3,0,0,1,0,71,69
12,2,0,1,0,0,150,70
12,4,1,1,0,0,98,71
12,1,1,1,0,0,32,72
12,1,1,0,1,0,122,73
12,2,1,1,0,0,156,74
12,2,0,0,1,0,40,75
12,4,1,1,1,1,11,76
12,3,0,0,1,0,128,77
12,1,0,0,1,0,43,78
12,3,0,1,1,1,20,79
12,4,1,1,1,1,78,80
12,1,1,1,0,0,79,81
12,2,0,0,1,0,72,82
12,4,1,1,0,0,62,83
12,3,1,1,0,0,165,84
12,1,0,1,1,1,174,85
12,4,1,1,0,0,104,86
12,3,0,1,0,0,154,87
12,2,0,1,1,1,13,88
12,2,1,1,1,1,89,89
12,1,1,0,1,0,131,90
12,2,1,1,1,1,16,91
12,3,1,1,0,0,45,92
12,4,0,1,1,1,123,93
12,3,1,1,0,0,176,94
12,4,1,1,1,1,1,95
12,1,0,0,0,1,59,96
12,1,0,1,0,0,145,97
12,2,1,1,0,0,90,98
12,2,0,1,0,0,53,99
12,4,1,1,0,0,172,100
12,1,0,0,0,1,188,101
12,4,1,1,1,1,60,102
12,3,1,1,0,0,58,103
12,3,0,1,1,1,117,104
12,2,0,0,0,1,23,105
12,1,1,1,0,0,186,106
12,4,1,1,1,1,170,107
12,3,0,0,1,0,74,108
12,1,0,1,1,1,15,109
12,4,0,0,0,1,191,110
12,2,1,1,1,1,57,111
12,3,0,0,0,1,135,112
12,3,1,1,1,1,144,113
12,4,1,1,0,0,81,114
12,2,0,0,0,1,159,115
12,1,1,0,1,0,73,116
12,1,0,1,0,0,8,117
12,3,1,1,1,1,157,118
12,2,0,1,1,1,39,119
12,4,1,1,0,0,151,120
12,3,0,0,1,0,33,121
12,4,1,0,1,NaN,97,122
12,4,1,1,0,0,96,123
12,2,1,1,0,0,18,124
12,3,1,1,0,0,140,125
12,2,0,1,1,1,162,126
12,1,0,0,0,1,153,127
12,1,1,1,0,0,68,128
13,4,0,1,1,1,118,1
13,3,0,1,1,1,86,2
13,1,0,0,1,0,107,3
13,4,0,1,1,1,181,4
13,3,0,0,0,1,3,5
13,2,0,0,1,0,161,6
13,1,0,1,0,0,177,7
13,2,0,1,1,1,124,8
13,1,0,0,1,0,64,9
13,3,0,1,0,0,29,10
13,2,0,1,0,0,100,11
13,4,0,0,0,1,115,12
13,4,0,0,0,1,184,13
13,1,0,0,1,NaN,179,14
13,3,0,0,1,0,6,15
13,2,0,1,0,0,163,16
13,3,0,1,1,1,37,17
13,2,0,0,1,0,183,18
13,4,0,1,1,1,111,19
13,4,1,1,1,1,189,20
13,2,0,1,1,1,137,21
13,1,0,0,1,0,166,22
13,1,0,1,1,1,102,23
13,3,0,1,1,1,85,24
13,2,0,1,0,0,28,25
13,3,0,1,0,0,112,26
13,4,0,0,1,0,19,27
13,1,0,1,0,0,129,28
13,4,0,1,1,1,125,29
13,2,0,1,1,1,185,30
13,1,0,0,0,1,110,31
13,3,1,1,0,0,25,32
13,1,0,0,0,1,30,33
13,2,0,1,0,0,126,34
13,2,0,1,0,0,192,35
13,3,0,1,0,0,147,36
13,4,0,1,1,1,52,37
13,1,0,0,1,NaN,66,38
13,4,0,1,0,0,31,39
13,3,0,1,1,1,61,40
13,2,0,1,0,0,167,41
13,3,0,1,1,1,146,42
13,4,0,0,0,NaN,26,43
13,1,0,1,0,0,95,44
13,2,0,0,0,1,133,45
13,3,0,1,0,0,121,46
13,4,0,0,1,0,47,47
13,1,0,0,0,NaN,69,48
13,1,0,1,1,1,7,49
13,3,0,0,1,0,34,50
13,4,0,1,1,1,99,51
13,1,0,1,0,0,155,52
13,3,0,0,0,1,113,53
13,2,0,0,1,0,80,54
13,4,0,1,1,1,187,55
13,2,0,1,0,0,139,56
13,2,0,0,1,0,50,57
13,2,0,1,0,0,14,58
13,1,0,1,1,1,119,59
13,1,0,0,0,1,141,60
13,3,0,0,1,0,4,61
13,3,0,1,1,1,76,62
13,4,0,1,1,1,56,63
13,4,0,0,1,0,2,64
13,4,0,1,0,0,143,65
13,4,0,1,1,1,71,66
13,1,0,0,0,1,103,67
13,3,0,1,0,0,150,68
13,3,0,1,1,1,88,69
13,2,0,1,0,0,32,70
13,1,0,1,0,0,98,71
13,2,0,1,0,0,44,72
13,4,0,0,0,1,20,73
13,2,0,1,1,1,43,74
13,3,0,0,1,0,40,75
13,1,0,1,1,1,11,76
13,4,0,0,0,1,128,77
13,2,0,1,0,0,122,78
13,3,0,1,0,0,156,79
13,1,0,0,0,1,78,80
13,2,0,0,1,0,79,81
13,1,0,1,1,1,62,82
13,4,0,0,0,1,165,83
13,3,0,0,1,0,13,84
13,4,0,1,0,0,154,85
13,3,0,0,0,1,72,86
13,1,0,0,1,0,104,87
13,2,0,1,1,1,174,88
13,2,0,1,0,0,131,89
13,2,0,0,0,1,59,90
13,1,0,0,1,0,123,91
13,3,0,1,1,1,89,92
13,3,0,0,1,0,16,93
13,1,0,0,1,0,1,94
13,4,0,1,1,1,45,95
13,4,0,0,1,0,176,96
13,2,0,0,0,1,145,97
13,3,0,0,1,0,90,98
13,1,0,0,0,1,172,99
13,1,0,0,1,0,60,100
13,2,0,0,0,1,188,101
13,3,0,1,0,0,53,102
13,4,0,0,0,1,117,103
13,4,0,1,0,0,58,104
13,1,0,1,1,1,170,105
13,3,0,0,0,1,23,106
13,4,0,1,0,0,135,107
13,4,0,1,1,1,74,108
13,2,0,0,1,0,186,109
13,3,0,1,1,1,57,110
13,1,0,1,1,1,191,111
13,2,0,1,1,1,15,112
13,3,0,0,1,2,159,113
13,4,0,1,0,0,144,114
13,2,0,1,1,1,8,115
13,1,0,0,1,0,151,116
13,2,0,0,0,1,73,117
13,3,0,1,1,1,39,118
13,1,0,1,0,0,81,119
13,4,0,1,1,1,157,120
13,3,0,0,1,0,162,121
13,4,0,0,0,1,140,122
13,2,0,0,0,1,68,123
13,2,0,1,1,1,153,124
13,3,0,1,1,1,18,125
13,1,1,1,0,0,96,126
13,1,0,0,1,0,97,127
13,4,1,1,0,0,33,128
14,4,1,1,0,0,177,1
14,1,1,0,1,0,124,2
14,3,0,1,0,0,118,3
14,4,0,1,0,0,107,4
14,2,0,1,0,0,3,5
14,2,0,0,0,1,86,6
14,3,1,1,0,0,181,7
14,1,0,0,0,1,161,8
14,1,1,0,1,0,163,9
14,3,0,0,0,1,115,10
14,2,0,1,0,0,6,11
14,2,1,1,0,0,29,12
14,3,0,1,1,1,184,13
14,4,0,1,1,1,179,14
14,4,0,1,0,0,64,15
14,1,0,1,0,0,100,16
14,4,1,0,1,0,102,17
14,3,0,1,0,0,189,18
14,4,1,1,1,1,166,19
14,2,1,1,0,0,37,20
14,3,0,0,1,0,111,21
14,1,0,0,1,0,183,22
14,1,1,0,1,0,137,23
14,2,0,1,0,0,85,24
14,4,1,1,0,0,129,25
14,1,1,1,0,0,28,26
14,3,1,1,0,0,125,27
14,3,0,1,1,1,19,28
14,4,1,1,1,1,110,29
14,1,0,0,0,1,185,30
14,2,1,1,1,1,25,31
14,2,1,1,0,0,112,32
14,1,1,1,0,0,192,33
14,2,0,0,1,0,147,34
14,4,1,1,0,0,30,35
14,3,0,1,0,0,31,36
14,4,0,1,0,0,66,37
14,3,1,1,1,1,52,38
14,2,0,0,0,1,61,39
14,1,0,0,1,0,126,40
14,3,0,1,0,0,47,41
14,3,0,0,0,1,26,42
14,1,1,1,0,0,133,43
14,4,1,1,0,0,69,44
14,1,0,0,1,0,167,45
14,4,1,1,0,0,95,46
14,2,1,1,0,0,146,47
14,2,1,1,0,0,121,48
14,2,1,1,1,1,113,49
14,4,1,1,1,1,7,50
14,2,1,1,0,0,34,51
14,3,0,0,1,0,187,52
14,1,0,1,0,0,80,53
14,3,0,1,1,1,99,54
14,1,0,1,0,0,139,55
14,4,1,1,0,0,155,56
14,1,0,1,0,0,14,57
14,4,1,1,0,0,141,58
14,4,1,1,0,0,119,59
14,2,0,1,1,1,4,60
14,3,0,0,0,1,56,61
14,3,0,1,0,0,2,62
14,1,1,1,0,0,50,63
14,2,1,1,1,1,76,64
14,1,0,1,-1,-1,32,65
14,2,0,1,-1,-1,88,66
14,3,0,1,-1,-1,71,67
14,3,0,1,-1,-1,143,68
14,4,0,1,-1,-1,103,69
14,4,0,1,-1,-1,98,70
14,2,0,1,-1,-1,150,71
14,1,0,1,-1,-1,44,72
14,3,0,1,-1,-1,128,73
14,2,0,1,-1,-1,156,74
14,3,0,1,-1,-1,20,75
14,2,0,1,-1,-1,40,76
14,1,0,1,-1,-1,43,77
14,1,0,1,-1,-1,122,78
14,4,0,1,-1,-1,78,79
14,4,0,1,-1,-1,11,80
14,2,0,1,-1,-1,13,81
14,3,0,1,-1,-1,165,82
14,1,0,1,-1,-1,174,83
14,4,0,1,-1,-1,104,84
14,3,0,1,-1,-1,154,85
14,2,0,1,-1,-1,72,86
14,4,0,1,-1,-1,62,87
14,1,0,1,-1,-1,79,88
14,3,0,1,-1,-1,176,89
14,4,0,1,-1,-1,123,90
14,1,0,1,-1,-1,131,91
14,2,0,1,-1,-1,16,92
14,3,0,1,-1,-1,45,93
14,4,0,1,-1,-1,1,94
14,1,0,1,-1,-1,59,95
14,2,0,1,-1,-1,89,96
14,3,0,1,-1,-1,117,97
14,4,0,1,-1,-1,172,98
14,4,0,1,-1,-1,60,99
14,2,0,1,-1,-1,90,100
14,2,0,1,-1,-1,53,101
14,1,0,1,-1,-1,188,102
14,3,0,1,-1,-1,58,103
14,1,0,1,-1,-1,145,104
14,1,0,1,-1,-1,186,105
14,2,0,1,-1,-1,57,106
14,4,0,1,-1,-1,191,107
14,3,0,1,-1,-1,74,108
14,3,0,1,-1,-1,135,109
14,4,0,1,-1,-1,170,110
14,1,0,1,-1,-1,15,111
14,2,0,1,-1,-1,23,112
14,4,0,1,-1,-1,81,113
14,4,0,1,-1,-1,151,114
14,1,0,1,-1,-1,8,115
14,1,0,1,-1,-1,73,116
14,2,0,1,-1,-1,159,117
14,2,0,1,-1,-1,39,118
14,3,0,1,-1,-1,144,119
14,3,0,1,-1,-1,157,120
14,3,0,1,-1,-1,33,121
14,4,0,1,-1,-1,97,122
14,1,0,1,-1,-1,68,123
14,2,0,1,-1,-1,18,124
14,2,0,1,-1,-1,162,125
14,1,0,1,-1,-1,153,126
14,4,0,1,-1,-1,96,127
14,3,0,1,-1,-1,140,128
15,3,1,1,0,0,181,1
15,3,0,1,0,0,118,2
15,4,0,1,0,0,177,3
15,1,0,0,1,0,161,4
15,4,1,1,0,0,107,5
15,2,0,1,0,0,3,6
15,1,0,0,1,0,124,7
15,2,0,1,0,0,86,8
15,1,1,1,0,0,100,9
15,4,1,1,0,0,179,10
15,4,0,1,0,0,64,11
15,2,1,1,0,0,29,12
15,3,0,1,0,0,115,13
15,1,1,0,1,0,163,14
15,3,0,1,1,1,184,15
15,2,1,1,0,0,6,16
15,4,1,1,1,1,166,17
15,3,0,0,1,0,111,18
15,3,1,1,1,1,189,19
15,1,1,1,0,0,137,20
15,2,0,1,0,0,85,21
15,1,0,0,0,1,183,22
15,4,1,0,0,1,102,23
15,2,1,1,0,0,37,24
15,4,0,0,1,0,110,25
15,3,1,1,0,0,19,26
15,1,0,1,0,0,185,27
15,2,1,1,1,1,112,28
15,4,1,1,1,1,129,29
15,2,1,1,1,1,25,30
15,1,1,1,0,0,28,31
15,3,1,1,0,0,125,32
15,3,0,1,-1,-1,31,33
15,1,0,1,-1,-1,192,34
15,4,0,1,-1,-1,30,35
15,4,0,1,-1,-1,66,36
15,2,0,1,-1,-1,147,37
15,1,0,1,-1,-1,126,38
15,3,0,1,-1,-1,52,39
15,2,0,1,-1,-1,61,40
15,2,0,1,-1,-1,121,41
15,1,0,1,-1,-1,133,42
15,2,0,1,-1,-1,146,43
15,3,0,1,-1,-1,26,44
15,4,0,1,-1,-1,95,45
15,3,0,1,-1,-1,47,46
15,1,0,1,-1,-1,167,47
15,4,0,1,-1,-1,69,48
15,3,0,1,-1,-1,99,49
15,4,0,1,-1,-1,155,50
15,2,0,1,-1,-1,113,51
15,3,0,1,-1,-1,187,52
15,4,0,1,-1,-1,7,53
15,1,0,1,-1,-1,80,54
15,1,0,1,-1,-1,139,55
15,2,0,1,-1,-1,34,56
15,2,0,1,-1,-1,76,57
15,2,0,1,-1,-1,4,58
15,4,0,1,-1,-1,119,59
15,1,0,1,-1,-1,14,60
15,3,0,1,-1,-1,2,61
15,4,0,1,-1,-1,141,62
15,1,0,1,-1,-1,50,63
15,3,0,1,-1,-1,56,64
15,3,0,1,-1,-1,143,65
15,3,0,1,-1,-1,71,66
15,2,0,1,-1,-1,150,67
15,2,0,1,-1,-1,88,68
15,4,0,1,-1,-1,98,69
15,4,0,1,-1,-1,103,70
15,1,0,1,-1,-1,32,71
15,1,0,1,-1,-1,44,72
15,1,0,1,-1,-1,43,73
15,1,0,1,-1,-1,122,74
15,3,0,1,-1,-1,128,75
15,4,0,1,-1,-1,11,76
15,3,0,1,-1,-1,20,77
15,4,0,1,-1,-1,78,78
15,2,0,1,-1,-1,40,79
15,2,0,1,-1,-1,156,80
15,1,0,1,-1,-1,79,81
15,4,0,1,-1,-1,62,82
15,3,0,1,-1,-1,154,83
15,3,0,1,-1,-1,165,84
15,1,0,1,-1,-1,174,85
15,2,0,1,-1,-1,13,86
15,2,0,1,-1,-1,72,87
15,4,0,1,-1,-1,104,88
15,3,0,1,-1,-1,176,89
15,2,0,1,-1,-1,89,90
15,1,0,1,-1,-1,59,91
15,3,0,1,-1,-1,45,92
15,2,0,1,-1,-1,16,93
15,4,0,1,-1,-1,123,94
15,4,0,1,-1,-1,1,95
15,1,0,1,-1,-1,131,96
15,1,0,1,-1,-1,188,97
15,1,0,1,-1,-1,145,98
15,4,0,1,-1,-1,172,99
15,3,0,1,-1,-1,58,100
15,2,0,1,-1,-1,53,101
15,4,0,1,-1,-1,60,102
15,3,0,1,-1,-1,117,103
15,2,0,1,-1,-1,90,104
15,3,0,1,-1,-1,135,105
15,4,0,1,-1,-1,191,106
15,2,0,1,-1,-1,57,107
15,3,0,1,-1,-1,74,108
15,2,0,1,-1,-1,23,109
15,1,0,1,-1,-1,15,110
15,4,0,1,-1,-1,170,111
15,1,0,1,-1,-1,186,112
15,2,0,1,-1,-1,39,113
15,1,0,1,-1,-1,73,114
15,4,0,1,-1,-1,151,115
15,2,0,1,-1,-1,159,116
15,1,0,1,-1,-1,8,117
15,3,0,1,-1,-1,157,118
15,4,0,1,-1,-1,81,119
15,3,0,1,-1,-1,144,120
15,2,0,1,-1,-1,162,121
15,4,0,1,-1,-1,97,122
15,3,0,1,-1,-1,33,123
15,1,0,1,-1,-1,153,124
15,2,0,1,-1,-1,18,125
15,4,0,1,-1,-1,96,126
15,1,0,1,-1,-1,68,127
15,3,0,1,-1,-1,140,128
16,2,0,1,0,0,124,1
16,3,0,0,1,0,86,2
16,2,0,1,1,1,161,3
16,4,1,1,1,1,181,4
16,1,0,0,0,1,107,5
16,4,0,0,0,1,118,6
16,3,0,0,1,0,3,7
16,1,0,0,1,0,177,8
16,2,1,1,0,0,163,9
16,1,0,0,1,0,179,10
16,4,0,1,0,0,184,11
16,1,0,1,0,0,64,12
16,3,1,1,0,0,29,13
16,4,0,1,0,0,115,14
16,3,0,1,0,0,6,15
16,2,0,0,0,1,100,16
16,3,1,1,1,1,37,17
16,1,0,0,1,0,102,18
16,4,0,1,1,1,111,19
16,1,0,1,0,0,166,20
16,2,1,1,1,1,137,21
16,2,0,0,1,0,183,22
16,4,1,1,0,0,189,23
16,3,0,1,0,0,85,24
16,3,1,1,0,0,25,25
16,4,0,1,0,0,19,26
16,3,1,1,0,0,112,27
16,2,1,0,1,0,28,28
16,2,0,0,1,0,185,29
16,4,1,1,0,0,125,30
16,1,1,1,0,0,129,31
16,1,0,0,0,1,110,32
16,3,1,0,1,0,61,33
16,1,1,0,1,0,30,34
16,4,1,1,0,0,31,35
16,2,1,1,0,0,192,36
16,3,0,1,0,0,147,37
16,1,0,1,0,0,66,38
16,4,1,1,0,0,52,39
16,2,0,0,1,0,126,40
16,4,1,1,1,1,47,41
16,1,1,0,1,0,69,42
16,2,1,1,1,1,133,43
16,2,0,0,0,1,167,44
16,4,1,0,0,1,26,45
16,3,1,1,0,0,121,46
16,1,0,0,0,1,95,47
16,3,0,1,1,1,146,48
16,2,0,0,0,1,139,49
16,1,0,0,1,0,155,50
16,3,0,1,1,1,113,51
16,4,1,1,0,0,99,52
16,3,0,0,1,0,34,53
16,2,1,1,0,0,80,54
16,1,1,0,1,0,7,55
16,4,0,1,1,1,187,56
16,2,1,1,0,0,50,57
16,3,0,1,1,1,4,58
16,2,1,1,0,0,14,59
16,1,0,0,1,0,141,60
16,3,0,1,0,0,76,61
16,1,0,0,1,0,119,62
16,4,0,1,1,1,2,63
16,4,0,1,0,0,56,64
16,1,0,0,1,0,98,65
16,2,1,1,0,0,32,66
16,3,0,1,0,0,88,67
16,4,0,1,0,0,71,68
16,4,0,1,1,1,143,69
16,1,0,0,1,0,103,70
16,2,1,1,0,0,44,71
16,3,0,1,1,1,150,72
16,4,1,1,0,0,128,73
16,4,0,1,0,0,20,74
16,1,1,1,0,0,78,75
16,3,1,1,0,0,156,76
16,1,0,0,1,0,11,77
16,2,1,1,1,1,122,78
16,3,0,0,1,0,40,79
16,2,1,1,1,1,43,80
16,1,0,0,1,0,104,81
16,3,0,1,0,0,13,82
16,4,1,1,0,0,165,83
16,4,1,1,0,0,154,84
16,3,1,1,1,1,72,85
16,1,1,0,1,0,62,86
16,2,0,0,1,0,174,87
16,2,1,1,0,0,79,88
16,1,0,1,0,0,123,89
16,2,1,1,0,0,131,90
16,1,0,0,1,0,1,91
16,3,1,1,0,0,89,92
16,2,1,1,0,0,59,93
16,4,1,1,0,0,176,94
16,4,0,1,1,1,45,95
16,3,1,1,1,1,16,96
16,2,0,0,1,0,145,97
16,4,0,0,0,1,58,98
16,2,1,1,0,0,188,99
16,1,1,0,1,0,60,100
16,4,0,0,1,0,117,101
16,1,0,1,1,1,172,102
16,3,1,1,1,1,90,103
16,3,0,1,1,1,53,104
16,4,0,0,1,0,135,105
16,2,1,1,1,1,186,106
16,3,1,1,1,1,23,107
16,1,0,1,1,1,170,108
16,2,1,1,0,0,15,109
16,4,1,1,1,1,74,110
16,3,0,1,1,1,57,111
16,1,1,0,0,1,191,112
16,1,1,1,0,0,151,113
16,4,1,1,1,1,157,114
16,3,1,1,1,1,39,115
16,3,0,1,0,0,159,116
16,1,0,1,0,0,81,117
16,2,0,1,0,0,73,118
16,2,1,1,0,0,8,119
16,4,1,1,0,0,144,120
16,3,0,0,1,0,18,121
16,4,1,1,1,1,33,122
16,2,0,1,0,0,153,123
16,2,1,1,1,1,68,124
16,1,1,1,0,0,96,125
16,4,1,1,0,0,140,126
16,3,0,1,0,0,162,127
16,1,1,1,0,0,97,128
17,4,0,0,0,1,86,1
17,2,0,0,1,0,107,2
17,3,1,1,1,1,124,3
17,1,0,1,0,0,181,4
17,3,1,1,1,1,161,5
17,2,0,1,0,0,177,6
17,4,0,1,1,1,3,7
17,1,0,1,0,0,118,8
17,2,1,0,1,0,179,9
17,3,0,1,0,0,163,10
17,3,1,1,1,1,100,11
17,1,0,1,0,0,184,12
17,2,0,1,0,0,64,13
17,1,0,0,1,0,115,14
17,4,1,1,0,0,6,15
17,4,1,1,0,0,29,16
17,3,0,0,1,0,137,17
17,2,1,1,0,0,166,18
17,3,0,0,0,1,183,19
17,1,0,0,1,0,111,20
17,2,0,1,1,1,102,21
17,4,1,1,0,0,37,22
17,4,1,1,1,1,85,23
17,1,1,0,1,0,189,24
17,3,0,1,1,1,185,25
17,3,0,1,1,1,28,26
17,4,1,1,1,1,25,27
17,2,1,0,0,1,129,28
17,4,1,1,1,1,112,29
17,1,1,1,0,0,125,30
17,2,0,0,0,1,110,31
17,1,1,0,1,0,19,32
17,4,1,0,0,1,61,33
17,3,0,1,0,0,126,34
17,2,1,1,0,0,30,35
17,1,0,1,1,1,52,36
17,2,0,1,0,0,66,37
17,1,1,1,0,0,31,38
17,4,0,0,1,0,147,39
17,3,1,1,1,1,192,40
17,3,1,1,0,0,167,41
17,4,0,1,0,0,146,42
17,1,0,0,1,0,26,43
17,3,0,1,1,1,133,44
17,2,1,1,0,0,95,45
17,4,1,1,0,0,121,46
17,2,1,1,0,0,69,47
17,1,0,1,1,1,47,48
17,2,1,0,0,1,155,49
17,2,1,1,1,1,7,50
17,1,0,0,1,0,99,51
17,3,0,1,1,1,80,52
17,4,1,1,1,1,113,53
17,3,1,1,1,1,139,54
17,4,0,1,1,1,34,55
17,1,0,0,0,1,187,56
17,1,0,0,1,0,56,57
17,2,1,1,0,0,119,58
17,3,1,0,0,1,14,59
17,1,0,0,1,0,2,60
17,2,0,0,0,1,141,61
17,4,0,1,0,0,4,62
17,4,0,1,0,0,76,63
17,3,1,1,0,0,50,64
17,3,1,1,0,0,32,65
17,3,0,1,0,0,44,66
17,1,0,1,0,0,143,67
17,4,0,1,0,0,150,68
17,4,1,1,1,1,88,69
17,2,1,1,1,1,98,70
17,1,0,0,1,0,71,71
17,2,0,1,1,1,103,72
17,1,0,0,1,0,20,73
17,3,1,1,1,1,122,74
17,2,0,1,0,0,11,75
17,1,0,1,0,0,128,76
17,4,0,0,1,0,40,77
17,3,1,1,1,1,43,78
17,2,1,1,0,0,78,79
17,4,1,1,1,1,156,80
17,1,1,1,0,0,165,81
17,2,1,1,0,0,104,82
17,2,0,1,0,0,62,83
17,1,0,0,1,0,154,84
17,4,1,0,0,1,13,85
17,4,1,1,0,0,72,86
17,3,1,1,1,1,79,87
17,3,0,1,0,0,174,88
17,2,1,1,0,0,1,89
17,4,1,1,0,0,89,90
17,3,1,1,1,1,131,91
17,4,1,1,1,1,16,92
17,3,1,1,0,0,59,93
17,2,0,1,1,1,123,94
17,1,0,1,0,0,45,95
17,1,1,0,1,0,176,96
17,2,0,1,0,0,172,97
17,2,0,0,1,0,60,98
17,1,0,1,1,1,58,99
17,4,1,1,1,1,90,100
17,4,0,1,1,1,53,101
17,3,1,1,0,0,188,102
17,3,0,0,1,0,145,103
17,1,0,1,1,1,117,104
17,2,1,1,1,1,191,105
17,3,1,1,1,1,15,106
17,1,0,0,0,1,135,107
17,1,1,1,0,0,74,108
17,4,1,1,0,0,23,109
17,2,1,0,1,0,170,110
17,4,0,1,1,1,57,111
17,3,1,1,0,0,186,112
17,4,0,1,1,1,159,113
17,1,1,1,0,0,157,114
17,1,1,1,0,0,144,115
17,2,1,1,1,1,151,116
17,3,0,0,0,1,73,117
17,4,0,0,0,1,39,118
17,2,1,1,0,0,81,119
17,3,0,0,1,0,8,120
17,4,1,0,1,2,18,121
17,3,0,0,0,1,153,122
17,2,1,1,0,0,97,123
17,4,0,1,1,1,162,124
17,1,1,0,1,0,140,125
17,3,1,1,1,1,68,126
17,2,1,1,0,0,96,127
17,1,1,1,0,0,33,128
18,2,0,0,1,0,118,1
18,4,1,1,1,1,124,2
18,3,0,1,1,1,177,3
18,4,0,0,0,1,161,4
18,3,1,1,1,1,107,5
18,2,1,1,0,0,181,6
18,1,0,0,0,1,86,7
18,1,0,0,0,1,3,8
18,4,1,1,0,0,100,9
18,3,0,1,0,0,64,10
18,1,0,0,1,0,6,11
18,4,0,0,1,0,163,12
18,2,0,1,0,0,184,13
18,1,1,1,0,0,29,14
18,2,0,0,0,1,115,15
18,3,0,1,1,1,179,16
18,2,0,1,1,1,189,17
18,3,1,1,1,1,166,18
18,4,1,1,0,0,137,19
18,1,0,1,0,0,85,20
18,2,0,0,1,0,111,21
18,1,1,0,1,0,37,22
18,3,0,1,1,1,102,23
18,4,0,0,0,1,183,24
18,2,0,0,0,1,19,25
18,3,1,1,1,1,129,26
18,3,0,1,1,1,110,27
18,1,1,0,1,0,112,28
18,4,1,1,0,0,28,29
18,2,1,1,0,0,125,30
18,1,1,1,0,0,25,31
18,4,0,1,1,1,185,32
18,3,1,1,0,0,30,33
18,3,0,1,0,0,66,34
18,2,0,0,1,0,52,35
18,4,1,1,1,1,126,36
18,2,0,1,1,1,31,37
18,1,0,0,0,1,147,38
18,4,1,1,0,0,192,39
18,1,1,0,1,0,61,40
18,1,1,1,0,0,146,41
18,3,1,1,0,0,95,42
18,4,0,1,1,1,133,43
18,2,0,0,1,0,47,44
18,4,0,1,1,1,167,45
18,2,0,0,0,1,26,46
18,3,1,1,1,1,69,47
18,1,1,0,0,1,121,48
18,2,0,0,1,0,187,49
18,4,1,1,0,0,80,50
18,3,1,1,1,1,155,51
18,4,0,1,0,0,139,52
18,2,0,1,1,1,99,53
18,1,0,1,1,1,113,54
18,3,1,1,1,1,7,55
18,1,0,0,0,1,34,56
18,4,0,1,1,1,50,57
18,2,1,1,0,0,2,58
18,1,0,1,1,1,4,59
18,1,1,0,1,0,76,60
18,3,1,1,1,1,141,61
18,4,0,1,0,0,14,62
18,2,0,0,0,1,56,63
18,3,0,1,0,0,119,64
18,4,1,1,1,1,32,65
18,4,1,1,0,0,44,66
18,3,0,1,0,0,98,67
18,1,0,0,1,0,88,68
18,2,1,0,1,0,143,69
18,2,0,1,0,0,71,70
18,3,1,1,1,1,103,71
18,1,1,0,1,0,150,72
18,3,1,1,0,0,11,73
18,2,0,1,0,0,128,74
18,1,0,1,1,1,40,75
18,3,1,1,1,1,78,76
18,1,1,1,0,0,156,77
18,4,1,1,1,1,122,78
18,4,1,1,0,0,43,79
18,2,1,1,0,0,20,80
18,1,1,0,1,0,72,81
18,2,1,1,1,1,154,82
18,2,1,1,0,0,165,83
18,1,1,1,0,0,13,84
18,4,0,1,0,0,174,85
18,3,1,1,1,1,104,86
18,3,0,1,0,0,62,87
18,4,1,1,0,0,79,88
18,1,1,0,1,0,89,89
18,1,1,1,0,0,16,90
18,4,1,1,0,0,131,91
18,4,0,1,0,0,59,92
18,2,1,1,1,1,176,93
18,3,0,1,1,1,1,94
18,3,1,1,0,0,123,95
18,2,1,1,1,1,45,96
18,3,1,1,1,1,172,97
18,4,1,1,0,0,188,98
18,2,0,0,1,0,58,99
18,1,1,1,0,0,90,100
18,3,0,0,0,1,60,101
18,4,1,1,1,1,145,102
18,1,0,1,0,0,53,103
18,2,0,1,0,0,117,104
18,2,0,1,1,1,135,105
18,4,1,1,0,0,15,106
18,4,1,1,0,0,186,107
18,3,0,0,1,0,191,108
18,3,0,0,1,0,170,109
18,1,1,0,1,0,23,110
18,2,1,1,0,0,74,111
18,1,1,1,0,0,57,112
18,1,0,1,1,1,39,113
18,3,1,1,0,0,81,114
18,4,0,1,0,0,73,115
18,3,1,1,1,1,151,116
18,1,0,1,0,0,159,117
18,2,0,1,0,0,144,118
18,2,1,1,1,1,157,119
18,4,1,1,0,0,8,120
18,3,1,1,0,0,97,121
18,1,0,1,1,1,18,122
18,4,0,1,0,0,153,123
18,4,1,1,0,0,68,124
18,3,1,1,1,1,96,125
18,1,0,1,0,0,162,126
18,2,1,0,1,0,140,127
18,2,1,1,0,0,33,128
19,3,0,0,0,1,118,1
19,4,1,1,0,0,107,2
19,3,0,1,1,1,181,3
19,2,0,1,0,0,3,4
19,1,0,0,0,1,124,5
19,2,0,1,1,1,86,6
19,1,1,0,1,0,161,7
19,4,1,0,0,1,177,8
19,1,1,1,0,0,100,9
19,3,0,0,0,1,184,10
19,2,0,1,1,1,29,11
19,3,0,1,1,1,115,12
19,2,0,1,1,1,6,13
19,4,1,1,1,1,64,14
19,1,1,1,0,0,163,15
19,4,0,1,1,1,179,16
19,1,0,0,1,0,183,17
19,4,1,1,0,0,102,18
19,3,1,1,1,1,189,19
19,1,1,0,1,0,137,20
19,2,0,1,0,0,85,21
19,2,1,1,1,1,37,22
19,4,0,1,0,0,166,23
19,3,0,1,0,0,111,24
19,4,0,0,1,0,110,25
19,3,1,1,1,1,19,26
19,1,0,0,0,1,185,27
19,2,1,1,0,0,25,28
19,3,0,1,0,0,125,29
19,2,1,1,0,0,112,30
19,4,1,1,1,1,129,31
19,1,1,0,1,0,28,32
19,2,1,0,1,2,147,33
19,1,1,1,0,0,192,34
19,4,1,1,1,1,66,35
19,3,0,1,0,0,52,36
19,1,0,1,1,1,126,37
19,4,1,1,0,0,30,38
19,3,0,0,0,1,31,39
19,2,1,1,1,1,61,40
19,3,0,1,0,0,47,41
19,3,0,1,1,1,26,42
19,2,1,0,0,1,121,43
19,4,0,1,1,1,95,44
19,4,1,1,0,0,69,45
19,1,1,0,1,NaN,133,46
19,2,1,1,1,1,146,47
19,1,0,0,0,2,167,48
19,1,0,0,1,0,80,49
19,1,1,1,0,0,139,50
19,3,0,1,0,0,99,51
19,4,1,1,1,1,155,52
19,4,1,1,1,1,7,53
19,3,0,0,0,1,187,54
19,2,1,1,0,0,34,55
19,2,0,1,1,1,113,56
19,3,0,0,1,0,56,57
19,4,1,1,1,1,119,58
19,3,0,1,0,0,2,59
19,4,1,1,1,1,141,60
19,1,0,0,1,0,50,61
19,2,0,0,1,0,76,62
19,2,0,1,0,0,4,63
19,1,0,0,1,0,14,64
19,4,1,1,0,0,103,65
19,2,0,1,0,0,88,66
19,4,1,1,0,0,98,67
19,3,0,1,1,1,143,68
19,2,1,1,1,1,150,69
19,3,0,1,0,0,71,70
19,1,1,1,0,0,44,71
19,1,1,0,1,0,32,72
19,1,1,0,1,0,122,73
19,4,1,1,1,1,11,74
19,3,0,1,1,1,20,75
19,2,0,0,1,0,40,76
19,2,1,1,1,1,156,77
19,3,0,1,1,1,128,78
19,4,1,1,1,1,78,79
19,1,1,1,0,0,43,80
19,2,1,1,0,0,72,81
19,2,1,1,0,0,13,82
19,1,1,1,0,0,79,83
19,4,1,1,1,1,104,84
19,3,0,0,0,1,154,85
19,4,0,1,0,0,62,86
19,1,0,1,0,0,174,87
19,3,1,1,0,0,165,88
19,4,1,1,1,1,123,89
19,1,1,0,0,1,131,90
19,1,0,0,0,1,59,91
19,3,0,1,1,1,45,92
19,3,1,1,0,0,176,93
19,2,1,1,1,1,16,94
19,4,1,1,1,1,1,95
19,2,1,1,0,0,89,96
19,2,0,1,1,1,90,97
19,4,1,1,0,0,172,98
19,1,1,1,0,0,188,99
19,1,0,0,0,1,145,100
19,3,0,1,1,1,58,101
19,2,0,0,1,0,53,102
19,3,0,1,1,1,117,103
19,4,0,1,1,1,60,104
19,3,1,1,1,1,74,105
19,1,1,0,1,0,186,106
19,3,0,1,1,1,135,107
19,2,1,1,1,1,57,108
19,4,0,0,1,0,191,109
19,2,1,1,1,1,23,110
19,4,1,1,0,0,170,111
19,1,0,0,1,0,15,112
19,1,0,0,0,1,73,113
19,1,0,0,1,0,8,114
19,2,0,0,1,0,39,115
19,2,0,1,1,1,159,116
19,4,1,1,1,1,151,117
19,3,1,1,0,0,157,118
19,4,1,1,1,1,81,119
19,3,0,1,0,0,144,120
19,4,1,1,1,1,97,121
19,4,1,1,0,0,96,122
19,1,0,1,0,0,153,123
19,1,1,1,0,0,68,124
19,2,0,1,1,1,162,125
19,3,0,0,1,0,140,126
19,2,1,1,0,0,18,127
19,3,0,0,0,1,33,128
20,4,1,1,0,0,181,1
20,3,0,1,0,0,3,2
20,2,1,1,1,1,124,3
20,3,0,0,0,1,86,4
20,4,0,1,0,0,118,5
20,2,0,0,1,0,161,6
20,1,0,0,1,0,107,7
20,1,1,0,1,0,177,8
20,3,1,1,1,1,29,9
20,1,0,1,0,0,179,10
20,1,0,0,1,0,64,11
20,3,0,1,0,0,6,12
20,2,1,1,1,1,163,13
20,4,0,1,0,0,115,14
20,4,0,1,0,0,184,15
20,2,1,1,0,0,100,16
20,4,0,1,1,1,111,17
20,2,0,1,0,0,183,18
20,3,0,1,0,0,85,19
20,2,0,0,0,1,137,20
20,1,0,1,0,0,102,21
20,1,0,0,1,0,166,22
20,4,1,1,0,0,189,23
20,3,1,1,1,1,37,24
20,3,1,1,0,0,112,25
20,3,0,1,0,0,25,26
20,1,1,0,1,0,129,27
20,2,0,1,0,0,185,28
20,1,0,0,1,0,110,29
20,2,0,0,1,0,28,30
20,4,0,1,1,1,19,31
20,4,1,1,0,0,125,32
20,3,1,0,1,0,61,33
20,1,0,1,1,1,66,34
20,4,1,1,0,0,31,35
20,2,1,1,1,1,192,36
20,3,0,1,1,1,147,37
20,2,0,1,0,0,126,38
20,1,0,1,0,0,30,39
20,4,0,0,0,1,52,40
20,2,0,0,0,1,167,41
20,3,0,1,0,0,146,42
20,3,1,1,0,0,121,43
20,4,0,1,0,0,26,44
20,4,0,0,1,0,47,45
20,1,0,0,1,0,95,46
20,1,0,0,0,1,69,47
20,2,1,1,0,0,133,48
20,3,0,1,1,1,34,49
20,3,0,1,0,0,113,50
20,1,1,0,1,0,7,51
20,2,1,1,0,0,80,52
20,1,0,1,1,1,155,53
20,4,0,1,0,0,99,54
20,2,1,1,0,0,139,55
20,4,0,0,1,0,187,56
20,2,0,0,0,1,14,57
20,1,0,0,0,1,141,58
20,4,1,0,1,0,2,59
20,1,0,0,0,1,119,60
20,4,0,0,1,0,56,61
20,3,0,1,0,0,4,62
20,3,0,1,1,1,76,63
20,2,1,1,0,0,50,64
20,4,0,0,1,0,71,65
20,2,1,1,0,0,44,66
20,1,0,1,1,1,103,67
20,3,0,1,1,1,150,68
20,4,1,1,0,0,143,69
20,1,0,1,0,0,98,70
20,3,0,0,1,0,88,71
20,2,1,1,0,0,32,72
20,2,1,1,0,0,122,73
20,4,0,1,0,0,20,74
20,4,0,0,0,1,128,75
20,2,1,1,0,0,43,76
20,1,1,0,1,0,78,77
20,1,0,0,1,0,11,78
20,3,0,0,1,0,40,79
20,3,0,1,0,0,156,80
20,1,0,0,1,0,104,81
20,1,0,0,1,0,62,82
20,4,1,1,1,1,165,83
20,3,0,1,0,0,72,84
20,2,0,0,1,0,174,85
20,3,0,1,0,0,13,86
20,2,1,1,0,0,79,87
20,4,1,1,1,1,154,88
20,3,1,1,0,0,16,89
20,2,0,0,1,0,59,90
20,1,1,1,0,0,1,91
20,4,1,1,1,1,176,92
20,1,0,1,0,0,123,93
20,2,0,1,0,0,131,94
20,3,1,1,1,1,89,95
20,4,1,1,0,0,45,96
20,4,0,0,1,0,58,97
20,2,1,1,0,0,145,98
20,1,0,0,1,0,172,99
20,4,0,0,0,1,117,100
20,2,0,1,0,0,188,101
20,3,1,1,0,0,90,102
20,3,0,1,0,0,53,103
20,1,1,1,1,1,60,104
20,2,1,1,0,0,186,105
20,3,0,1,0,0,57,106
20,3,0,0,1,0,23,107
20,2,0,0,0,1,15,108
20,4,0,1,0,0,135,109
20,1,0,0,1,0,170,110
20,1,0,0,1,0,191,111
20,4,1,1,1,1,74,112
20,2,0,1,0,0,8,113
20,3,0,0,1,0,159,114
20,2,0,1,1,1,73,115
20,4,1,1,0,0,157,116
20,4,1,1,1,1,144,117
20,1,1,0,1,0,151,118
20,3,0,1,1,1,39,119
20,1,0,0,1,0,81,120
20,1,1,1,0,0,96,121
20,2,1,1,0,0,153,122
20,4,0,1,1,1,140,123
20,1,1,0,1,0,97,124
20,2,0,0,1,0,68,125
20,4,0,0,1,0,33,126
20,3,0,1,0,0,162,127
20,3,0,0,0,1,18,128
21,4,0,1,1,1,86,1
21,1,0,0,1,0,118,2
21,3,1,1,1,1,161,3
21,2,1,1,0,0,107,4
21,4,0,1,0,0,3,5
21,3,1,1,1,1,124,6
21,2,1,1,1,1,177,7
21,1,1,0,0,NaN,181,8
21,4,1,1,1,1,29,9
21,3,1,1,0,0,100,10
21,2,1,1,0,0,179,11
21,1,0,0,1,0,115,12
21,2,1,1,0,0,64,13
21,1,0,1,0,0,184,14
21,4,1,1,1,1,6,15
21,3,0,1,1,1,163,16
21,3,0,0,0,1,183,17
21,2,0,1,1,1,102,18
21,2,0,0,0,1,166,19
21,1,0,0,1,0,111,20
21,1,1,1,0,0,189,21
21,4,1,1,1,1,37,22
21,4,0,1,1,1,85,23
21,3,0,1,0,0,137,24
21,2,0,0,0,1,110,25
21,1,1,1,0,0,125,26
21,4,1,1,1,1,112,27
21,3,1,1,0,0,28,28
21,4,1,1,1,1,25,29
21,3,0,1,0,0,185,30
21,1,1,1,0,0,19,31
21,2,0,1,0,0,129,32
21,4,0,1,0,0,147,33
21,2,1,1,1,1,30,34
21,3,0,1,0,0,126,35
21,1,1,0,1,0,52,36
21,1,0,1,1,1,31,37
21,4,1,1,0,0,61,38
21,2,0,0,1,0,66,39
21,3,1,1,0,0,192,40
21,4,1,1,1,1,121,41
21,1,0,0,0,1,47,42
21,3,1,1,0,0,133,43
21,2,1,1,1,1,69,44
21,4,0,0,0,1,146,45
21,1,0,1,0,0,26,46
21,3,1,1,1,1,167,47
21,2,0,0,0,1,95,48
21,2,1,1,0,0,7,49
21,4,0,1,0,0,113,50
21,3,1,1,0,0,80,51
21,1,0,0,1,0,187,52
21,2,0,0,1,0,155,53
21,4,1,1,1,1,34,54
21,3,1,1,0,0,139,55
21,1,1,0,1,0,99,56
21,3,0,1,1,1,14,57
21,2,0,1,0,0,119,58
21,1,0,0,1,0,56,59
21,2,1,1,1,1,141,60
21,4,0,1,0,0,4,61
21,4,1,1,0,0,76,62
21,1,0,1,0,0,2,63
21,3,1,1,1,1,50,64
21,1,0,0,1,0,71,65
21,2,1,1,0,0,98,66
21,4,1,1,1,1,88,67
21,1,0,0,1,0,143,68
21,3,0,1,1,1,44,69
21,2,1,0,0,1,103,70
21,4,1,1,1,1,150,71
21,3,1,1,0,0,32,72
21,1,0,0,0,1,128,73
21,1,0,0,1,0,20,74
21,3,0,1,1,1,43,75
21,2,1,1,1,1,78,76
21,3,1,1,1,1,122,77
21,4,0,0,1,0,40,78
21,4,1,1,1,1,156,79
21,2,0,1,0,0,11,80
21,1,0,1,0,0,154,81
21,2,0,1,0,0,62,82
21,3,1,1,1,1,79,83
21,1,1,0,1,0,165,84
21,4,1,1,1,1,72,85
21,3,0,1,1,1,174,86
21,2,0,1,0,0,104,87
21,4,1,1,1,1,13,88
21,1,0,0,1,0,45,89
21,4,1,1,1,1,89,90
21,3,1,1,1,1,131,91
21,1,1,1,0,0,176,92
21,4,1,1,0,0,16,93
21,3,1,1,0,0,59,94
21,2,0,0,1,0,1,95
21,2,0,1,0,0,123,96
21,4,0,0,0,1,53,97
21,2,1,1,0,0,60,98
21,3,0,0,1,0,145,99
21,1,0,0,0,1,117,100
21,1,0,0,1,2,58,101
21,2,0,0,0,1,172,102
21,3,1,1,1,1,188,103
21,4,1,1,1,1,90,104
21,3,0,1,1,1,186,105
21,1,1,1,0,0,74,106
21,2,1,1,0,0,170,107
21,2,1,0,1,2,191,108
21,1,0,0,1,0,135,109
21,4,0,1,0,0,57,110
21,3,1,1,1,1,15,111
21,4,1,1,1,1,23,112
21,4,1,1,0,0,159,113
21,1,1,1,0,0,157,114
21,2,1,1,0,0,81,115
21,3,0,1,0,0,8,116
21,3,0,1,1,1,73,117
21,2,1,1,1,1,151,118
21,4,0,0,0,1,39,119
21,1,1,0,1,0,144,120
21,3,1,1,0,0,68,121
21,3,0,0,0,1,153,122
21,4,0,1,0,0,18,123
21,2,1,1,0,0,97,124
21,4,0,0,1,0,162,125
21,1,1,0,1,0,140,126
21,2,1,1,0,0,96,127
21,1,1,1,0,0,33,128
22,2,0,1,0,0,181,1
22,3,0,1,0,0,107,2
22,4,1,1,1,1,161,3
22,1,0,0,1,0,86,4
22,1,0,1,0,0,3,5
22,2,0,1,1,1,118,6
22,3,0,1,1,1,177,7
22,4,1,1,0,0,124,8
22,4,1,1,1,1,100,9
22,4,1,1,1,1,163,10
22,3,0,1,1,1,64,11
22,3,0,1,1,1,179,12
22,1,0,1,0,0,29,13
22,1,0,0,1,0,6,14
22,2,0,0,0,1,115,15
22,2,0,1,0,0,184,16
22,1,0,0,1,0,85,17
22,4,0,0,1,0,183,18
22,1,1,0,0,1,37,19
22,3,0,1,1,1,102,20
22,3,0,1,0,0,166,21
22,2,0,1,1,1,189,22
22,2,0,1,1,1,111,23
22,4,1,1,0,0,137,24
22,2,1,1,0,0,19,25
22,1,1,1,0,0,112,26
22,4,1,1,0,0,185,27
22,3,1,1,1,1,129,28
22,4,1,1,0,0,28,29
22,1,1,0,1,0,25,30
22,3,0,0,1,0,110,31
22,2,1,0,1,0,125,32
22,2,0,1,1,1,52,33
22,4,1,1,1,1,192,34
22,1,0,0,0,1,61,35
22,3,0,1,0,0,66,36
22,3,1,0,0,1,30,37
22,2,1,0,1,0,31,38
22,1,0,1,0,0,147,39
22,4,0,1,0,0,126,40
22,4,1,1,1,1,167,41
22,1,0,0,1,0,121,42
22,3,1,1,0,0,69,43
22,2,1,1,0,0,47,44
22,1,0,1,1,1,146,45
22,2,1,1,0,0,26,46
22,3,0,1,1,1,95,47
22,4,1,1,1,1,133,48
22,1,0,0,1,0,113,49
22,1,0,1,0,0,34,50
22,2,1,1,0,0,187,51
22,3,0,1,0,0,7,52
22,4,1,1,0,0,139,53
22,4,1,1,0,0,80,54
22,3,0,0,0,1,155,55
22,2,0,1,0,0,99,56
22,4,1,1,0,0,50,57
22,2,1,1,1,1,2,58
22,1,0,1,0,0,4,59
22,3,1,1,1,1,119,60
22,3,0,0,0,1,141,61
22,4,0,0,0,1,14,62
22,2,0,1,0,0,56,63
22,1,1,0,1,0,76,64
22,4,1,1,1,1,44,65
22,2,0,1,0,0,71,66
22,4,1,1,0,0,32,67
22,1,0,0,1,0,150,68
22,1,0,0,1,0,88,69
22,2,0,0,1,0,143,70
22,3,0,1,0,0,103,71
22,3,0,0,0,1,98,72
22,2,0,1,0,0,128,73
22,3,1,0,0,1,78,74
22,3,0,1,1,1,11,75
22,1,0,1,1,1,40,76
22,2,0,1,0,0,20,77
22,1,1,0,1,0,156,78
22,4,1,1,1,1,122,79
22,4,1,1,0,0,43,80
22,3,0,0,1,0,62,81
22,3,0,1,0,0,104,82
22,2,1,1,1,1,154,83
22,1,1,1,0,0,72,84
22,1,1,1,0,0,13,85
22,4,1,1,0,0,79,86
22,2,0,1,1,1,165,87
22,4,0,1,1,1,174,88
22,4,1,1,0,0,131,89
22,3,0,1,1,1,123,90
22,1,1,0,1,0,16,91
22,2,1,1,1,1,45,92
22,3,0,1,0,0,1,93
22,1,1,1,0,0,89,94
22,4,1,1,1,1,59,95
22,2,1,1,0,0,176,96
22,4,1,1,1,1,145,97
22,2,0,1,0,0,117,98
22,3,0,1,1,1,172,99
22,1,0,1,0,0,53,100
22,2,0,1,0,0,58,101
22,4,1,1,1,1,188,102
22,1,0,0,0,1,90,103
22,3,1,1,0,0,60,104
22,3,1,1,1,1,170,105
22,1,0,1,0,0,57,106
22,3,0,1,0,0,191,107
22,2,1,1,1,1,74,108
22,2,0,1,0,0,135,109
22,4,1,1,1,1,186,110
22,4,1,1,1,1,15,111
22,1,0,0,1,0,23,112
22,1,0,1,0,0,159,113
22,4,1,1,1,1,73,114
22,3,0,0,0,1,151,115
22,1,0,0,0,1,39,116
22,4,1,1,1,1,8,117
22,2,1,1,1,1,157,118
22,3,1,1,0,0,81,119
22,2,1,1,1,1,144,120
22,1,0,1,1,1,162,121
22,4,0,1,1,1,153,122
22,3,1,1,1,1,96,123
22,4,1,1,0,0,68,124
22,1,1,1,1,1,18,125
22,2,1,1,1,1,33,126
22,2,1,1,1,1,140,127
22,3,1,1,0,0,97,128
23,4,0,1,0,0,118,1
23,1,0,1,0,0,107,2
23,4,1,1,1,1,181,3
23,2,0,1,1,1,161,4
23,2,0,1,1,1,124,5
23,3,1,0,0,1,86,6
23,3,1,1,1,1,3,7
23,1,0,0,1,0,177,8
23,4,0,1,0,0,184,9
23,1,0,0,0,1,179,10
23,2,1,1,1,1,100,11
23,1,0,0,1,0,64,12
23,4,0,1,1,1,115,13
23,3,0,1,1,1,29,14
23,2,1,1,1,1,163,15
23,3,0,1,0,0,6,16
23,4,1,1,0,0,189,17
23,1,0,1,0,0,102,18
23,4,0,1,1,1,111,19
23,2,0,0,0,NaN,137,20
23,3,1,1,1,1,37,21
23,2,0,1,1,1,183,22
23,1,0,0,1,0,166,23
23,3,0,1,0,0,85,24
23,3,1,1,1,1,25,25
23,4,1,1,0,0,125,26
23,3,1,1,1,1,112,27
23,2,0,1,0,0,185,28
23,1,1,1,1,1,129,29
23,4,0,0,0,NaN,19,30
23,1,0,0,0,1,110,31
23,2,0,0,1,0,28,32
23,2,0,0,0,1,126,33
23,1,0,0,0,1,30,34
23,1,0,0,1,0,66,35
23,4,1,1,0,0,52,36
23,4,1,1,0,0,31,37
23,3,1,0,0,1,61,38
23,3,0,1,0,0,147,39
23,2,1,1,0,0,192,40
23,3,0,1,0,0,146,41
23,3,1,1,1,1,121,42
23,2,1,1,1,1,133,43
23,4,0,0,1,0,47,44
23,2,0,0,1,0,167,45
23,1,0,1,0,0,69,46
23,1,1,0,0,1,95,47
23,4,1,1,1,1,26,48
23,2,1,1,1,1,139,49
23,3,0,0,1,0,34,50
23,4,1,1,0,0,99,51
23,4,1,1,1,1,187,52
23,2,1,1,1,1,80,53
23,1,1,1,0,0,7,54
23,1,0,0,0,1,155,55
23,3,0,1,1,1,113,56
23,3,0,1,1,1,4,57
23,1,1,0,1,0,119,58
23,4,0,1,0,0,2,59
23,2,0,1,0,0,14,60
23,3,0,1,0,0,76,61
23,1,0,0,1,0,141,62
23,2,1,1,0,0,50,63
23,4,0,1,1,1,56,64
23,2,1,1,1,1,44,65
23,3,0,1,0,0,150,66
23,1,0,1,0,0,103,67
23,1,0,1,0,0,98,68
23,4,1,1,0,0,143,69
23,2,1,1,1,1,32,70
23,3,1,1,1,1,88,71
23,4,0,0,1,0,71,72
23,4,1,1,0,0,20,73
23,3,0,0,1,0,40,74
23,1,1,1,0,0,78,75
23,2,1,1,1,1,43,76
23,3,1,1,1,1,156,77
23,2,1,1,0,0,122,78
23,1,1,0,1,0,11,79
23,4,1,1,1,1,128,80
23,4,0,1,0,0,154,81
23,3,1,1,1,1,13,82
23,4,1,1,0,0,165,83
23,2,0,1,0,0,174,84
23,3,0,1,0,0,72,85
23,1,0,0,1,0,62,86
23,2,1,1,1,1,79,87
23,1,1,0,1,0,104,88
23,2,0,1,0,0,59,89
23,1,0,0,0,1,123,90
23,4,1,1,0,0,176,91
23,3,1,1,0,0,16,92
23,3,1,1,1,1,89,93
23,1,1,0,1,0,1,94
23,4,1,1,0,0,45,95
23,2,1,1,0,0,131,96
23,3,0,1,0,0,90,97
23,2,1,1,0,0,188,98
23,4,1,1,1,1,58,99
23,1,0,1,1,1,172,100
23,1,1,1,0,0,60,101
23,4,1,1,1,1,117,102
23,3,0,0,0,1,53,103
23,2,1,0,0,1,145,104
23,4,0,1,1,1,135,105
23,1,0,1,1,1,170,106
23,2,1,1,0,0,186,107
23,3,1,1,0,0,23,108
23,2,0,0,0,1,15,109
23,4,1,1,1,1,74,110
23,1,0,0,1,0,191,111
23,3,0,1,1,1,57,112
23,3,1,1,0,0,159,113
23,1,1,1,0,0,81,114
23,1,1,0,1,0,151,115
23,4,1,1,0,0,157,116
23,3,0,0,1,0,39,117
23,2,0,1,0,0,73,118
23,4,1,1,1,1,144,119
23,2,1,1,0,0,8,120
23,4,0,1,0,0,33,121
23,2,1,1,1,1,68,122
23,2,0,0,0,1,153,123
23,3,0,1,0,0,18,124
23,3,0,0,1,0,162,125
23,4,1,1,1,1,140,126
23,1,1,0,1,0,96,127
23,1,1,1,0,0,97,128
24,1,0,1,0,0,181,1
24,2,1,1,1,1,107,2
24,4,0,0,1,0,86,3
24,2,0,0,1,0,177,4
24,3,1,1,1,1,161,5
24,1,0,1,0,0,118,6
24,3,0,0,0,1,124,7
24,4,0,1,0,0,3,8
24,1,0,0,1,0,115,9
24,4,0,0,1,0,29,10
24,1,0,1,0,0,184,11
24,3,0,1,1,1,163,12
24,3,0,1,1,1,100,13
24,2,0,1,1,1,179,14
24,2,0,1,1,1,64,15
24,4,1,1,0,0,6,16
24,3,0,1,0,0,137,17
24,1,0,1,1,1,111,18
24,4,0,1,1,1,85,19
24,4,0,0,1,0,37,20
24,1,0,1,0,0,189,21
24,2,0,0,0,1,102,22
24,2,0,1,0,0,166,23
24,3,0,1,0,0,183,24
24,1,0,1,0,0,19,25
24,4,1,1,0,0,25,26
24,4,0,1,0,0,112,27
24,2,0,1,1,1,129,28
24,3,1,0,1,0,185,29
24,3,0,0,1,0,28,30
24,2,0,0,0,1,110,31
24,1,0,1,0,0,125,32
24,3,0,0,1,0,126,33
24,2,0,1,1,1,66,34
24,3,1,1,1,1,192,35
24,4,1,1,1,1,147,36
24,4,1,0,0,1,61,37
24,2,0,0,1,0,30,38
24,1,0,1,0,0,52,39
24,1,0,1,0,0,31,40
24,1,0,0,0,1,47,41
24,4,0,1,0,0,121,42
24,2,0,0,1,0,69,43
24,3,0,0,0,1,167,44
24,1,0,1,0,0,26,45
24,2,0,1,1,1,95,46
24,3,1,1,0,0,133,47
24,4,0,0,0,1,146,48
24,2,0,0,1,0,7,49
24,4,0,1,0,0,113,50
24,4,0,1,1,1,34,51
24,3,1,1,0,0,80,52
24,1,0,1,0,0,99,53
24,3,0,1,1,1,139,54
24,2,0,0,0,1,155,55
24,1,0,0,0,1,187,56
24,2,0,0,0,1,141,57
24,2,0,1,1,1,119,58
24,1,1,0,0,1,2,59
24,4,0,0,0,1,4,60
24,3,0,0,0,1,14,61
24,4,1,0,1,0,76,62
24,1,0,0,0,1,56,63
24,3,1,1,1,1,50,64
24,1,0,1,0,0,71,65
24,1,0,1,1,1,143,66
24,4,0,1,0,0,150,67
24,4,0,1,0,0,88,68
24,3,0,1,1,1,44,69
24,2,0,0,1,0,98,70
24,2,0,1,1,1,103,71
24,3,1,1,0,0,32,72
24,1,0,0,0,1,128,73
24,4,0,0,1,0,40,74
24,3,1,1,1,1,122,75
24,2,0,1,1,1,11,76
24,3,1,1,1,1,43,77
24,2,0,1,0,0,78,78
24,4,1,1,0,0,156,79
24,1,0,0,1,0,20,80
24,1,0,1,0,0,165,81
24,2,0,1,1,1,62,82
24,4,0,1,0,0,72,83
24,4,0,1,1,1,13,84
24,3,0,1,0,0,174,85
24,2,0,0,0,1,104,86
24,1,0,1,0,0,154,87
24,3,1,1,0,0,79,88
24,3,0,1,1,1,59,89
24,2,0,1,1,1,1,90
24,1,0,1,0,0,45,91
24,1,0,1,0,0,176,92
24,3,0,1,1,1,131,93
24,4,0,0,1,0,89,94
24,4,0,0,0,1,16,95
24,2,0,1,0,0,123,96
24,3,0,1,1,1,145,97
24,3,0,1,1,1,188,98
24,2,0,1,1,1,172,99
24,2,0,1,1,1,60,100
24,1,0,0,0,1,58,101
24,1,0,1,1,1,117,102
24,4,0,0,1,0,53,103
24,4,1,1,1,1,90,104
24,2,0,0,0,1,170,105
24,1,0,0,1,0,135,106
24,2,0,1,0,0,191,107
24,1,1,1,0,0,74,108
24,4,0,1,0,0,57,109
24,4,0,1,0,0,23,110
24,3,1,1,0,0,186,111
24,3,0,1,1,1,15,112
24,1,1,1,0,0,157,113
24,4,0,0,0,1,159,114
24,1,0,0,1,0,144,115
24,2,1,1,1,1,151,116
24,3,0,0,1,0,73,117
24,4,0,1,0,0,39,118
24,3,0,1,1,1,8,119
24,2,0,1,1,1,81,120
24,4,0,0,1,0,162,121
24,3,0,0,0,1,153,122
24,1,0,0,1,0,140,123
24,2,0,1,1,1,96,124
24,3,0,0,1,0,68,125
24,2,1,1,0,0,97,126
24,1,0,0,0,1,33,127
24,4,0,0,0,1,18,128
25,1,0,1,0,0,3,1
25,4,1,1,0,0,161,2
25,1,1,1,0,0,86,3
25,2,0,1,0,0,118,4
25,3,1,1,1,1,177,5
25,4,1,1,1,1,124,6
25,3,0,1,1,1,107,7
25,2,0,1,0,0,181,8
25,3,0,1,0,0,64,9
25,2,0,1,1,1,115,10
25,4,0,1,0,0,163,11
25,4,1,1,0,0,100,12
25,2,0,1,1,1,184,13
25,1,0,0,1,0,29,14
25,1,0,0,0,1,6,15
25,3,0,1,0,0,179,16
25,3,0,0,0,1,166,17
25,4,0,1,0,0,183,18
25,4,1,1,0,0,137,19
25,1,1,0,1,0,37,20
25,3,0,0,1,0,102,21
25,1,0,0,1,0,85,22
25,2,0,0,0,1,111,23
25,2,0,1,1,1,189,24
25,3,1,1,0,0,129,25
25,1,0,1,0,0,112,26
25,3,0,1,0,0,110,27
25,4,0,1,1,1,185,28
25,2,1,1,0,0,125,29
25,4,1,1,0,0,28,30
25,2,1,1,0,0,19,31
25,1,0,1,1,1,25,32
25,2,1,1,0,0,52,33
25,2,1,1,1,1,31,34
25,4,0,0,0,1,126,35
25,1,0,1,1,1,61,36
25,3,0,0,1,0,66,37
25,3,1,1,1,1,30,38
25,4,1,1,1,1,192,39
25,1,0,0,1,0,147,40
25,2,1,1,1,1,26,41
25,4,1,1,0,0,167,42
25,2,0,1,0,0,47,43
25,3,0,1,1,1,95,44
25,4,1,1,1,1,133,45
25,3,1,1,1,1,69,46
25,1,0,1,1,1,121,47
25,1,0,0,0,1,146,48
25,4,1,1,1,1,139,49
25,3,1,1,1,1,7,50
25,2,0,0,0,1,187,51
25,1,0,1,1,1,113,52
25,1,0,1,1,1,34,53
25,2,0,1,1,1,99,54
25,3,0,1,1,1,155,55
25,4,1,0,1,0,80,56
25,2,0,0,0,1,56,57
25,3,0,1,0,0,119,58
25,1,0,0,1,0,4,59
25,1,1,1,0,0,76,60
25,2,1,1,0,0,2,61
25,4,1,1,0,0,50,62
25,4,1,1,1,1,14,63
25,3,0,1,1,1,141,64
25,1,0,0,0,1,88,65
25,4,1,1,0,0,44,66
25,3,1,1,1,1,98,67
25,2,0,0,1,0,71,68
25,2,0,1,0,0,143,69
25,1,0,1,0,0,150,70
25,3,0,1,0,0,103,71
25,4,1,1,1,1,32,72
25,4,1,1,0,0,43,73
25,4,1,1,0,0,122,74
25,2,0,1,0,0,128,75
25,3,1,1,1,1,78,76
25,1,0,0,1,0,156,77
25,1,0,0,0,1,40,78
25,3,0,1,1,1,11,79
25,2,0,1,1,1,20,80
25,1,0,1,0,0,13,81
25,4,0,1,0,0,174,82
25,1,0,0,1,0,72,83
25,4,1,0,1,0,79,84
25,2,1,1,0,0,154,85
25,3,1,1,1,1,104,86
25,3,0,1,0,0,62,87
25,2,1,1,1,1,165,88
25,1,1,1,0,0,16,89
25,4,1,1,0,0,131,90
25,2,1,1,1,1,176,91
25,3,1,1,0,0,1,92
25,3,1,1,1,1,123,93
25,1,1,0,1,0,89,94
25,4,1,1,0,0,59,95
25,2,1,1,1,1,45,96
25,3,1,1,1,1,60,97
25,1,0,1,1,1,53,98
25,1,0,0,0,1,90,99
25,4,1,1,0,0,145,100
25,2,1,1,0,0,117,101
25,2,0,0,0,1,58,102
25,3,0,0,1,0,172,103
25,4,1,1,0,0,188,104
25,4,1,1,1,1,186,105
25,3,0,1,0,0,170,106
25,1,1,1,0,0,23,107
25,3,1,1,0,0,191,108
25,2,1,1,0,0,74,109
25,2,0,0,1,0,135,110
25,1,0,0,1,0,57,111
25,4,0,0,1,0,15,112
25,2,1,1,0,0,157,113
25,1,0,0,1,0,159,114
25,2,1,1,0,0,144,115
25,4,1,1,1,1,73,116
25,1,0,0,1,0,39,117
25,3,1,1,1,1,151,118
25,3,1,1,0,0,81,119
25,4,0,1,0,0,8,120
25,1,0,0,1,0,162,121
25,3,1,1,1,1,97,122
25,2,0,1,1,1,140,123
25,4,0,0,0,1,153,124
25,1,0,1,1,1,18,125
25,3,1,1,0,0,96,126
25,2,1,1,0,0,33,127
25,4,1,1,1,1,68,128
26,1,1,1,0,0,161,1
26,4,1,1,1,1,107,2
26,4,1,1,0,0,177,3
26,2,0,1,0,0,86,4
26,3,1,1,1,1,118,5
26,1,1,1,0,0,124,6
26,3,1,1,0,0,181,7
26,2,0,1,1,1,3,8
26,1,0,1,0,0,163,9
26,1,1,0,1,0,100,10
26,3,0,1,0,0,115,11
26,3,0,1,0,0,184,12
26,2,0,1,0,0,6,13
26,4,0,1,1,1,64,14
26,2,1,1,1,1,29,15
26,4,1,1,1,1,179,16
26,4,1,1,1,1,166,17
26,2,1,1,1,1,37,18
26,1,1,0,1,0,137,19
26,3,1,1,1,1,189,20
26,1,0,0,0,1,183,21
26,4,1,1,1,1,102,22
26,2,0,1,1,1,85,23
26,3,0,1,1,1,111,24
26,4,1,1,1,1,129,25
26,2,1,1,0,0,112,26
26,1,0,0,1,0,28,27
26,4,0,0,0,1,110,28
26,2,1,1,0,0,25,29
26,3,0,1,1,1,19,30
26,3,1,1,0,0,125,31
26,1,0,0,0,1,185,32
26,1,1,0,1,0,192,33
26,3,1,1,1,1,52,34
26,3,0,0,1,0,31,35
26,4,1,1,0,0,66,36
26,2,1,0,0,1,61,37
26,1,1,0,1,0,126,38
26,4,1,1,0,0,30,39
26,2,1,1,0,0,147,40
26,3,1,1,0,0,26,41
26,2,1,1,1,1,146,42
26,2,1,1,0,0,121,43
26,4,0,1,1,1,95,44
26,4,1,1,0,0,69,45
26,1,0,0,1,0,167,46
26,1,1,0,1,0,133,47
26,3,0,1,1,1,47,48
26,3,1,1,0,0,99,49
26,4,1,1,1,1,7,50
26,1,1,1,0,0,80,51
26,2,1,1,1,1,113,52
26,2,1,1,1,1,34,53
26,1,1,0,1,0,139,54
26,4,1,1,1,1,155,55
26,3,0,1,0,0,187,56
26,2,1,1,0,0,76,57
26,1,0,1,0,0,50,58
26,3,0,1,0,0,56,59
26,2,0,1,0,0,4,60
26,4,1,1,0,0,119,61
26,4,1,1,1,1,141,62
26,1,1,1,1,1,14,63
26,3,0,1,1,1,2,64
26,2,0,1,0,0,150,65
26,4,1,1,0,0,98,66
26,1,1,0,1,0,44,67
26,3,0,1,0,0,71,68
26,1,1,0,1,0,32,69
26,3,0,1,1,1,143,70
26,2,0,1,1,1,88,71
26,4,1,1,1,1,103,72
26,1,1,0,1,0,122,73
26,3,1,1,1,1,20,74
26,1,0,1,0,0,43,75
26,4,1,0,1,0,11,76
26,2,1,1,0,0,156,77
26,4,1,1,1,1,78,78
26,3,0,1,0,0,128,79
26,2,0,0,0,1,40,80
26,1,1,0,1,0,79,81
26,3,1,1,0,0,165,82
26,4,1,1,1,1,62,83
26,2,1,1,0,0,72,84
26,3,1,1,0,0,154,85
26,1,0,1,0,0,174,86
26,4,1,1,1,1,104,87
26,2,1,1,0,0,13,88
26,3,1,1,0,0,176,89
26,1,1,0,1,0,131,90
26,3,0,1,0,0,45,91
26,2,1,1,1,1,16,92
26,1,1,1,0,0,59,93
26,4,1,1,0,0,123,94
26,4,0,1,0,0,1,95
26,2,1,1,1,1,89,96
26,1,0,0,0,1,145,97
26,1,1,1,0,0,188,98
26,2,1,1,1,1,90,99
26,4,1,1,1,1,172,100
26,4,1,1,0,0,60,101
26,2,0,1,0,0,53,102
26,3,1,1,1,1,117,103
26,3,0,0,1,0,58,104
26,1,1,0,1,0,15,105
26,2,1,1,1,1,23,106
26,4,1,1,1,1,170,107
26,3,0,0,0,1,135,108
26,4,1,1,1,1,191,109
26,1,1,0,1,0,186,110
26,2,1,1,0,0,57,111
26,3,1,1,1,1,74,112
26,4,1,1,0,0,151,113
26,3,1,1,0,0,157,114
26,2,1,1,1,1,39,115
26,2,0,1,0,0,159,116
26,1,0,0,1,0,73,117
26,1,0,1,0,0,8,118
26,4,1,1,0,0,81,119
26,3,1,1,0,0,144,120
26,1,1,0,1,0,68,121
26,3,1,1,1,1,33,122
26,4,1,1,1,1,97,123
26,2,1,1,1,1,18,124
26,1,0,0,1,0,153,125
26,3,1,1,1,1,140,126
26,4,1,1,1,1,96,127
26,2,0,1,0,0,162,128
27,3,0,1,0,0,3,1
27,4,1,1,1,1,118,2
27,1,1,1,0,0,177,3
27,3,0,1,1,1,86,4
27,2,1,1,0,0,124,5
27,1,0,0,1,0,107,6
27,2,1,1,0,0,161,7
27,4,1,1,0,0,181,8
27,1,1,0,1,0,64,9
27,1,0,0,1,0,179,10
27,2,1,1,1,1,100,11
27,2,1,1,1,1,163,12
27,3,1,1,1,1,29,13
27,3,0,1,0,0,6,14
27,4,0,1,1,1,115,15
27,4,1,1,1,1,184,16
27,1,0,0,1,0,166,17
27,4,1,1,1,1,189,18
27,1,1,1,0,0,102,19
27,3,1,1,0,0,37,20
27,3,0,1,1,1,85,21
27,2,1,1,1,1,137,22
27,4,0,1,0,0,111,23
27,2,0,0,0,1,183,24
27,1,1,0,1,0,129,25
27,4,0,1,1,1,19,26
27,2,1,1,1,1,28,27
27,1,0,0,1,0,110,28
27,4,1,1,1,1,125,29
27,2,0,1,1,1,185,30
27,3,1,1,0,0,112,31
27,3,1,1,0,0,25,32
27,2,0,1,1,1,126,33
27,3,1,1,1,1,61,34
27,4,1,1,0,0,31,35
27,4,1,1,0,0,52,36
27,3,1,1,1,1,147,37
27,2,1,1,0,0,192,38
27,1,0,0,1,0,66,39
27,1,1,0,1,0,30,40
27,3,0,1,0,0,146,41
27,2,1,1,1,1,133,42
27,2,1,1,1,1,167,43
27,4,0,1,0,0,47,44
27,4,1,1,0,0,26,45
27,3,1,1,0,0,121,46
27,1,1,1,0,0,69,47
27,1,1,1,0,0,95,48
27,4,1,1,1,1,99,49
27,3,1,1,0,0,113,50
27,1,1,0,1,0,155,51
27,4,1,1,0,0,187,52
27,2,1,1,0,0,139,53
27,3,0,1,0,0,34,54
27,1,1,1,0,0,7,55
27,2,1,1,1,1,80,56
27,3,1,1,0,0,4,57
27,3,1,1,1,1,76,58
27,1,0,0,1,0,141,59
27,4,1,1,1,1,2,60
27,4,1,1,1,1,56,61
27,2,0,1,0,0,14,62
27,1,0,0,1,0,119,63
27,2,1,1,1,1,50,64
27,4,1,1,0,0,71,65
27,2,1,1,1,1,44,66
27,1,1,1,0,0,98,67
27,3,0,1,1,1,88,68
27,2,1,1,1,1,32,69
27,3,0,1,1,1,150,70
27,4,1,1,1,1,143,71
27,1,0,0,1,0,103,72
27,4,1,1,1,1,128,73
27,1,1,0,1,0,78,74
27,2,1,1,0,0,122,75
27,2,1,1,0,0,43,76
27,3,0,0,1,0,40,77
27,4,1,1,1,1,20,78
27,3,1,1,0,0,156,79
27,1,0,0,1,0,11,80
27,2,1,1,0,0,79,81
27,3,1,1,1,1,13,82
27,4,1,1,0,0,154,83
27,3,1,1,1,1,72,84
27,2,0,1,0,0,174,85
27,4,1,1,0,0,165,86
27,1,0,0,1,0,62,87
27,1,1,1,0,0,104,88
27,1,1,0,1,0,1,89
27,3,1,1,1,1,16,90
27,4,1,1,1,1,45,91
27,1,0,0,1,0,123,92
27,3,1,1,0,0,89,93
27,2,0,1,1,1,59,94
27,4,1,1,0,0,176,95
27,2,1,1,1,1,131,96
27,3,0,1,-1,-1,90,97
27,2,0,1,-1,-1,145,98
27,4,0,1,-1,-1,58,99
27,1,0,1,-1,-1,60,100
27,3,0,1,-1,-1,53,101
27,2,0,1,-1,-1,188,102
27,1,0,1,-1,-1,172,103
27,4,0,1,-1,-1,117,104
27,1,0,1,-1,-1,191,105
27,4,0,1,-1,-1,135,106
27,3,0,1,-1,-1,57,107
27,2,0,1,-1,-1,15,108
27,3,0,1,-1,-1,23,109
27,1,0,1,-1,-1,170,110
27,2,0,1,-1,-1,186,111
27,4,0,1,-1,-1,74,112
27,1,0,1,-1,-1,81,113
27,4,0,1,-1,-1,144,114
27,4,0,1,-1,-1,157,115
27,3,0,1,-1,-1,39,116
27,1,0,1,-1,-1,151,117
27,3,0,1,-1,-1,159,118
27,2,0,1,-1,-1,8,119
27,2,0,1,-1,-1,73,120
27,3,0,1,-1,-1,18,121
27,2,0,1,-1,-1,153,122
27,2,0,1,-1,-1,68,123
27,3,0,1,-1,-1,162,124
27,1,0,1,-1,-1,96,125
27,4,0,1,-1,-1,33,126
27,4,0,1,-1,-1,140,127
27,1,0,1,-1,-1,97,128
28,1,0,0,1,0,181,1
28,3,1,1,0,0,161,2
28,4,0,0,1,0,86,3
28,1,0,0,0,1,118,4
28,3,1,1,1,1,124,5
28,2,1,1,0,0,177,6
28,2,1,1,1,1,107,7
28,4,1,1,0,0,3,8
28,1,0,1,1,1,115,9
28,3,0,0,0,1,163,10
28,2,0,1,0,0,179,11
28,1,0,1,0,0,184,12
28,4,1,1,0,0,6,13
28,2,1,1,0,0,64,14
28,4,1,1,1,1,29,15
28,3,0,1,1,1,100,16
28,1,0,0,0,1,111,17
28,4,1,1,1,1,85,18
28,3,0,1,1,1,183,19
28,1,1,1,0,0,189,20
28,2,0,1,0,0,166,21
28,3,1,1,1,1,137,22
28,2,0,1,1,1,102,23
28,4,1,1,0,0,37,24
28,4,1,1,0,0,25,25
28,2,1,1,0,0,129,26
28,3,1,1,0,0,28,27
28,4,1,1,1,1,112,28
28,1,0,1,0,0,19,29
28,1,0,0,0,1,125,30
28,2,0,0,0,1,110,31
28,3,0,1,0,0,185,32
28,3,1,1,0,0,192,33
28,1,0,0,1,0,52,34
28,4,1,0,1,0,61,35
28,2,1,1,1,1,30,36
28,3,0,0,0,1,126,37
28,4,1,1,1,1,147,38
28,1,0,0,0,1,31,39
28,2,0,1,1,1,66,40
28,3,1,1,1,1,133,41
28,1,0,1,0,0,26,42
28,4,1,1,0,0,121,43
28,4,1,1,1,1,146,44
28,3,1,1,1,1,167,45
28,2,1,0,1,0,95,46
28,1,0,1,1,1,47,47
28,2,1,1,0,0,69,48
28,2,0,0,1,0,155,49
28,1,0,1,0,0,99,50
28,1,0,0,1,0,187,51
28,4,1,1,0,0,34,52
28,3,1,1,1,1,139,53
28,4,0,1,0,0,113,54
28,3,0,0,1,0,80,55
28,2,1,0,0,1,7,56
28,4,0,1,1,1,76,57
28,4,1,1,0,0,4,58
28,1,0,0,1,0,56,59
28,2,1,1,1,1,119,60
28,1,0,1,0,0,2,61
28,3,0,1,1,1,50,62
28,2,0,1,0,0,141,63
28,3,1,1,1,1,14,64
28,2,0,1,0,0,103,65
28,3,1,1,0,0,32,66
28,4,1,1,0,0,88,67
28,1,0,1,1,1,71,68
28,4,0,1,1,1,150,69
28,3,0,0,1,0,44,70
28,2,1,1,0,0,98,71
28,1,1,1,0,0,143,72
28,1,0,0,0,1,128,73
28,4,0,0,0,1,40,74
28,3,1,1,1,1,43,75
28,4,1,1,0,0,156,76
28,2,0,1,0,0,11,77
28,1,0,1,1,1,20,78
28,2,1,1,0,0,78,79
28,3,1,1,1,1,122,80
28,1,0,1,0,0,165,81
28,4,1,1,1,1,13,82
28,2,0,1,1,1,104,83
28,3,0,0,1,0,174,84
28,4,1,1,0,0,72,85
28,1,0,0,1,0,154,86
28,3,1,1,1,1,79,87
28,2,1,1,0,0,62,88
28,4,1,1,1,1,16,89
28,4,1,1,0,0,89,90
28,2,1,1,0,0,1,91
28,3,1,1,1,1,59,92
28,1,0,0,1,0,176,93
28,1,0,1,0,0,45,94
28,2,0,1,0,0,123,95
28,3,1,1,0,0,131,96
28,4,1,1,0,0,90,97
28,4,0,0,1,0,53,98
28,2,1,1,0,0,172,99
28,2,1,1,1,1,60,100
28,1,0,0,0,1,117,101
28,3,1,1,0,0,188,102
28,1,0,0,0,1,58,103
28,3,0,0,0,1,145,104
28,2,1,1,0,0,191,105
28,2,0,0,1,0,170,106
28,4,1,1,1,1,23,107
28,1,1,0,1,0,74,108
28,1,0,1,1,1,135,109
28,3,1,1,0,0,186,110
28,4,1,1,1,1,57,111
28,3,0,1,0,0,15,112
28,3,1,1,0,0,8,113
28,3,0,1,0,0,73,114
28,1,1,1,0,0,144,115
28,2,1,1,1,1,81,116
28,1,0,0,1,0,157,117
28,4,0,0,1,0,159,118
28,4,1,1,0,0,39,119
28,2,1,1,0,0,151,120
28,1,1,1,0,0,33,121
28,3,0,1,1,1,153,122
28,1,1,1,0,0,140,123
28,3,1,1,0,0,68,124
28,2,1,1,1,1,96,125
28,4,1,1,0,0,18,126
28,2,1,1,1,1,97,127
28,4,0,0,1,0,162,128
29,2,0,1,1,1,181,1
29,2,0,1,1,1,118,2
29,4,1,1,0,0,161,3
29,3,1,1,1,1,177,4
29,3,0,1,1,1,107,5
29,1,0,0,1,0,3,6
29,1,0,1,0,0,86,7
29,4,1,1,1,1,124,8
29,2,0,1,1,1,184,9
29,3,1,1,0,0,179,10
29,1,0,1,0,0,6,11
29,4,1,1,1,1,100,12
29,4,1,1,1,1,163,13
29,1,0,1,0,0,29,14
29,2,0,1,0,0,115,15
29,3,0,1,1,1,64,16
29,2,0,0,1,0,111,17
29,2,1,1,1,1,189,18
29,1,1,0,1,0,37,19
29,3,0,1,0,0,166,20
29,1,0,1,0,0,85,21
29,4,0,1,0,0,183,22
29,4,1,1,1,1,137,23
29,3,0,1,0,0,102,24
29,3,0,1,1,1,129,25
29,4,1,1,1,1,28,26
29,2,0,1,0,0,19,27
29,1,1,0,1,0,25,28
29,2,1,1,1,1,125,29
29,3,0,0,1,0,110,30
29,1,1,0,1,0,112,31
29,4,0,0,0,1,185,32
29,2,1,1,1,1,52,33
29,3,1,1,1,1,66,34
29,4,1,1,1,1,192,35
29,4,0,1,1,1,126,36
29,1,0,1,0,0,147,37
29,1,1,1,1,1,61,38
29,3,1,0,0,1,30,39
29,2,1,1,0,0,31,40
29,2,1,1,0,0,26,41
29,1,0,0,0,NaN,146,42
29,2,0,0,1,0,47,43
29,1,1,1,0,0,121,44
29,4,1,1,0,0,167,45
29,3,1,1,1,1,95,46
29,3,1,1,1,1,69,47
29,4,1,1,1,1,133,48
29,2,0,1,0,0,99,49
29,2,0,0,0,1,187,50
29,1,1,1,0,0,113,51
29,1,0,0,1,0,34,52
29,4,0,1,0,0,80,53
29,3,1,1,1,1,7,54
29,4,1,1,1,1,139,55
29,3,1,0,1,0,155,56
29,2,0,1,0,0,56,57
29,4,0,1,0,0,14,58
29,3,1,1,0,0,119,59
29,3,0,1,0,0,141,60
29,4,1,1,0,0,50,61
29,1,0,0,1,0,4,62
29,1,1,0,1,0,76,63
29,2,1,1,0,0,2,64
29,2,1,1,1,1,143,65
29,1,0,0,1,0,88,66
29,4,1,1,1,1,44,67
29,4,1,1,1,1,32,68
29,2,0,1,0,0,71,69
29,3,1,1,0,0,98,70
29,3,1,1,0,0,103,71
29,1,0,0,1,0,150,72
29,2,0,1,0,0,128,73
29,1,0,0,1,0,156,74
29,3,1,1,0,0,78,75
29,4,1,1,0,0,122,76
29,4,1,1,1,1,43,77
29,2,1,1,1,1,20,78
29,1,0,1,1,1,40,79
29,3,1,1,1,1,11,80
29,1,0,0,1,0,13,81
29,2,1,1,1,1,165,82
29,3,1,1,1,1,62,83
29,4,0,1,1,1,174,84
29,1,1,1,0,0,72,85
29,4,1,1,1,1,79,86
29,2,0,1,0,0,154,87
29,3,0,1,1,1,104,88
29,2,0,1,1,1,45,89
29,4,1,1,1,1,131,90
29,3,0,1,0,0,123,91
29,1,1,1,0,0,16,92
29,4,1,1,1,1,59,93
29,2,0,1,0,0,176,94
29,3,0,1,1,1,1,95
29,1,1,0,1,0,89,96
29,3,0,1,1,1,60,97
29,1,1,1,1,1,53,98
29,1,1,1,0,0,90,99
29,2,0,0,1,0,58,100
29,3,0,1,1,1,172,101
29,4,1,1,0,0,188,102
29,4,0,0,1,0,145,103
29,2,1,1,1,1,117,104
29,3,1,1,0,0,170,105
29,3,1,1,1,1,191,106
29,1,1,0,1,0,23,107
29,4,1,1,1,1,15,108
29,1,1,1,0,0,57,109
29,4,0,1,1,1,186,110
29,2,0,1,0,0,135,111
29,2,1,1,0,0,74,112
29,3,1,1,0,0,151,113
29,1,0,1,1,1,39,114
29,4,1,1,0,0,73,115
29,2,1,1,0,0,144,116
29,3,1,1,1,1,81,117
29,4,1,1,1,1,8,118
29,1,0,0,1,0,159,119
29,2,1,1,0,0,157,120
29,4,1,1,0,0,68,121
29,3,1,1,1,1,96,122
29,4,0,1,1,1,153,123
29,1,0,1,1,1,18,124
29,1,0,1,0,0,162,125
29,2,0,0,1,0,33,126
29,2,0,0,0,1,140,127
29,3,1,1,1,1,97,128
30,4,1,1,1,1,107,1
30,2,0,0,1,0,86,2
30,1,1,1,0,0,124,3
30,4,0,1,1,1,177,4
30,3,1,1,0,0,181,5
30,1,1,1,0,0,161,6
30,2,0,1,0,0,3,7
30,3,0,1,0,0,118,8
30,2,0,1,1,1,29,9
30,3,0,1,1,1,115,10
30,3,0,1,1,1,184,11
30,2,0,1,1,1,6,12
30,4,0,1,1,1,64,13
30,4,1,1,1,1,179,14
30,1,0,1,0,0,100,15
30,1,0,0,1,0,163,16
30,2,0,1,1,1,85,17
30,3,0,1,0,0,111,18
30,3,0,1,0,0,189,19
30,4,0,1,1,1,166,20
30,1,0,1,1,1,183,21
30,2,1,1,1,1,37,22
30,4,0,1,1,1,102,23
30,1,1,0,1,0,137,24
30,4,1,1,1,1,129,25
30,4,0,0,1,0,110,26
30,1,0,0,1,0,28,27
30,1,0,0,1,0,185,28
30,2,1,1,1,1,25,29
30,3,1,1,1,1,19,30
30,3,1,1,1,1,125,31
30,2,1,1,0,0,112,32
30,3,1,1,0,0,31,33
30,1,0,0,1,0,126,34
30,1,1,1,0,0,192,35
30,4,1,1,0,0,30,36
30,3,0,1,0,0,52,37
30,2,0,0,1,0,61,38
30,4,1,1,0,0,66,39
30,2,0,0,1,0,147,40
30,3,1,1,0,0,26,41
30,1,1,0,1,0,133,42
30,2,1,1,0,0,121,43
30,3,0,0,1,0,47,44
30,4,1,1,0,0,69,45
30,4,1,1,0,0,95,46
30,2,1,1,1,1,146,47
30,1,0,1,0,0,167,48
30,4,1,1,1,1,155,49
30,4,1,1,1,1,7,50
30,3,0,0,1,0,187,51
30,3,1,1,0,0,99,52
30,1,0,1,0,0,139,53
30,2,1,1,1,1,113,54
30,2,1,0,0,1,34,55
30,1,0,1,1,1,80,56
30,4,1,1,1,1,141,57
30,1,1,1,0,0,50,58
30,3,1,1,0,0,2,59
30,2,0,1,1,1,4,60
30,2,1,0,1,0,76,61
30,3,0,1,1,1,56,62
30,4,1,1,1,1,119,63
30,1,1,0,1,0,14,64
30,3,1,1,1,1,143,65
30,3,0,1,1,1,71,66
30,2,1,1,1,1,88,67
30,1,1,1,0,0,32,68
30,1,0,1,0,0,44,69
30,4,1,1,1,1,103,70
30,2,0,1,0,0,150,71
30,4,1,1,0,0,98,72
30,2,0,1,0,0,40,73
30,1,1,0,1,0,122,74
30,3,0,0,1,0,128,75
30,3,0,1,1,1,20,76
30,4,1,1,0,0,11,77
30,1,0,1,0,0,43,78
30,2,1,1,0,0,156,79
30,4,1,1,1,1,78,80
30,3,0,1,0,0,154,81
30,2,1,1,0,0,72,82
30,3,0,1,1,1,165,83
30,4,1,1,0,0,104,84
30,4,0,1,0,0,62,85
30,1,0,1,0,0,174,86
30,2,1,1,0,0,13,87
30,1,1,0,1,0,79,88
30,4,1,1,1,1,1,89
30,2,1,1,0,0,89,90
30,2,1,1,1,1,16,91
30,4,1,1,1,1,123,92
30,3,0,1,0,0,45,93
30,1,1,0,1,0,131,94
30,3,1,1,1,1,176,95
30,1,0,0,1,0,59,96
30,1,1,0,1,0,188,97
30,3,1,1,0,0,117,98
30,4,1,1,1,1,172,99
30,1,0,0,0,1,145,100
30,4,1,1,1,1,60,101
30,2,1,1,0,0,90,102
30,2,0,0,1,0,53,103
30,3,0,1,0,0,58,104
30,2,0,0,1,0,23,105
30,1,1,0,1,0,15,106
30,4,0,0,0,1,191,107
30,3,1,1,0,0,74,108
30,3,0,1,0,0,135,109
30,1,1,0,1,0,186,110
30,4,1,1,0,0,170,111
30,2,0,1,1,1,57,112
30,4,1,1,0,0,151,113
30,2,0,0,0,1,39,114
30,1,1,1,0,0,8,115
30,4,1,1,0,0,81,116
30,2,0,0,1,0,159,117
30,3,1,1,1,1,157,118
30,1,0,1,0,0,73,119
30,3,1,0,0,1,144,120
30,2,0,0,1,0,162,121
30,3,1,1,0,0,33,122
30,1,1,0,1,0,68,123
30,4,1,1,1,1,97,124
30,2,0,1,1,1,18,125
30,3,1,1,1,1,140,126
30,4,1,1,1,1,96,127
30,1,0,0,1,0,153,128
31,1,0,0,1,0,177,1
31,4,0,1,0,0,118,2
31,1,0,1,0,0,107,3
31,3,0,1,1,1,3,4
31,2,1,1,1,1,124,5
31,3,0,1,1,1,86,6
31,4,1,1,1,1,181,7
31,2,1,1,1,1,161,8
31,4,0,1,1,1,115,9
31,3,0,1,0,0,6,10
31,2,0,1,1,1,163,11
31,1,1,0,1,0,179,12
31,3,1,1,0,0,29,13
31,4,0,1,0,0,184,14
31,1,0,1,0,0,64,15
31,2,1,1,0,0,100,16
31,2,0,1,0,0,183,17
31,4,0,1,1,1,111,18
31,2,0,0,1,0,137,19
31,3,1,1,1,1,37,20
31,3,0,1,1,1,85,21
31,1,0,0,1,0,166,22
31,1,0,1,0,0,102,23
31,4,0,1,0,0,189,24
31,2,1,1,0,0,28,25
31,4,0,0,1,0,19,26
31,1,0,0,1,0,129,27
31,2,0,1,1,1,185,28
31,1,0,0,0,1,110,29
31,4,1,0,1,0,125,30
31,3,1,1,1,1,25,31
31,3,1,1,0,0,112,32
31,3,0,1,0,0,61,33
31,1,0,1,1,1,66,34
31,4,0,1,0,0,52,35
31,4,0,1,1,1,31,36
31,1,1,1,0,0,30,37
31,2,1,1,0,0,192,38
31,2,0,0,1,0,126,39
31,3,0,1,1,1,147,40
31,4,0,1,1,1,26,41
31,2,1,1,0,0,167,42
31,3,0,0,1,0,146,43
31,1,1,0,1,0,69,44
31,3,1,1,0,0,121,45
31,2,0,1,0,0,133,46
31,1,0,0,1,0,95,47
31,4,0,1,0,0,47,48
31,3,0,0,1,0,113,49
31,4,1,1,0,0,187,50
31,4,0,1,0,0,99,51
31,1,0,1,1,1,155,52
31,1,1,0,1,0,7,53
31,2,1,1,0,0,139,54
31,3,0,1,0,0,34,55
31,2,0,1,0,0,80,56
31,4,0,1,0,0,56,57
31,1,0,0,1,0,119,58
31,2,1,1,0,0,50,59
31,1,0,0,1,0,141,60
31,4,0,1,0,0,2,61
31,3,0,1,1,1,4,62
31,3,1,0,0,1,76,63
31,2,0,1,1,1,14,64
31,4,1,1,0,0,143,65
31,1,0,1,0,0,103,66
31,4,0,1,0,0,71,67
31,1,0,1,0,0,98,68
31,2,1,0,1,0,32,69
31,3,0,1,0,0,150,70
31,2,0,1,1,1,44,71
31,3,0,1,0,0,88,72
31,4,0,1,0,0,128,73
31,2,0,1,1,1,43,74
31,1,0,1,0,0,11,75
31,2,0,0,1,0,122,76
31,1,1,1,0,0,78,77
31,4,0,0,0,1,20,78
31,3,0,1,1,1,40,79
31,3,1,1,1,1,156,80
31,2,0,0,1,0,174,81
31,4,1,1,0,0,154,82
31,1,1,1,0,0,62,83
31,3,1,1,1,1,72,84
31,1,0,1,0,0,104,85
31,3,0,1,0,0,13,86
31,2,1,1,0,0,79,87
31,4,1,1,0,0,165,88
31,3,1,1,1,1,16,89
31,1,0,0,1,0,1,90
31,2,1,1,1,1,131,91
31,3,1,1,1,1,89,92
31,4,1,1,0,0,45,93
31,1,0,1,0,0,123,94
31,2,1,0,0,1,59,95
31,4,1,1,1,1,176,96
31,1,1,0,1,0,60,97
31,3,0,0,1,0,53,98
31,4,1,1,1,1,117,99
31,2,0,0,1,0,145,100
31,3,1,1,1,1,90,101
31,4,0,1,1,1,58,102
31,1,1,1,0,0,172,103
31,2,0,1,0,0,188,104
31,2,0,0,1,0,186,105
31,1,0,1,1,1,191,106
31,4,1,1,1,1,74,107
31,1,1,0,0,1,170,108
31,3,0,1,0,0,57,109
31,2,0,0,1,0,15,110
31,3,0,1,1,1,23,111
31,4,0,1,0,0,135,112
31,2,0,1,1,1,8,113
31,2,0,0,1,0,73,114
31,1,0,0,1,0,81,115
31,1,1,1,0,0,151,116
31,3,0,1,1,1,159,117
31,4,0,1,0,0,157,118
31,4,1,1,0,0,144,119
31,3,0,0,1,0,39,120
31,4,1,1,0,0,33,121
31,2,1,1,1,1,153,122
31,4,1,1,0,0,140,123
31,1,1,1,0,0,97,124
31,2,0,1,1,1,68,125
31,3,0,1,1,1,18,126
31,1,1,0,1,0,96,127
31,3,0,0,1,0,162,128
32,3,1,1,0,0,124,1
32,2,0,0,1,0,107,2
32,4,1,1,0,0,3,3
32,2,1,1,0,0,177,4
32,3,1,1,1,1,161,5
32,1,0,1,0,0,118,6
32,4,0,1,0,0,86,7
32,1,1,0,1,0,181,8
32,1,0,1,0,0,115,9
32,3,1,1,0,0,163,10
32,4,1,1,0,0,29,11
32,2,0,1,0,0,64,12
32,2,0,0,1,0,179,13
32,4,0,1,1,1,6,14
32,3,1,1,0,0,100,15
32,1,0,1,0,0,184,16
32,2,0,1,0,0,102,17
32,3,0,1,1,1,183,18
32,1,0,0,0,1,111,19
32,3,0,1,0,0,137,20
32,2,1,1,0,0,166,21
32,4,1,1,1,1,85,22
32,1,1,0,1,0,189,23
32,4,1,1,1,1,37,24
32,3,1,1,1,1,185,25
32,1,1,1,0,0,19,26
32,4,1,1,1,1,112,27
32,2,0,0,0,1,110,28
32,4,1,1,0,0,25,29
32,2,0,1,0,0,129,30
32,1,1,0,1,0,125,31
32,3,1,1,1,1,28,32
32,2,1,1,0,0,30,33
32,1,0,0,0,1,31,34
32,1,0,0,1,0,52,35
32,2,0,1,1,1,66,36
32,3,1,1,1,1,126,37
32,3,1,1,0,0,192,38
32,4,1,1,0,0,61,39
32,4,1,1,0,0,147,40
32,4,1,1,0,0,146,41
32,1,1,1,0,0,26,42
32,3,1,1,0,0,133,43
32,3,1,1,1,1,167,44
32,1,1,1,0,0,47,45
32,4,1,1,1,1,121,46
32,2,1,1,0,0,69,47
32,2,0,1,1,1,95,48
32,2,0,1,0,0,155,49
32,2,1,1,1,1,7,50
32,1,0,0,0,1,187,51
32,1,0,1,1,1,99,52
32,4,1,1,0,0,34,53
32,4,1,1,1,1,113,54
32,3,1,1,1,1,139,55
32,3,1,1,0,0,80,56
32,3,1,1,0,0,50,57
32,1,1,0,1,0,2,58
32,1,0,1,0,0,56,59
32,4,1,1,1,1,4,60
32,3,1,1,1,1,14,61
32,4,1,1,0,0,76,62
32,2,0,1,1,1,119,63
32,2,1,1,1,1,141,64
32,1,0,1,1,1,71,65
32,2,1,1,0,0,98,66
32,1,1,1,0,0,143,67
32,3,1,1,1,1,32,68
32,2,1,1,0,0,103,69
32,3,0,0,1,0,44,70
32,4,0,1,0,0,150,71
32,4,1,1,1,1,88,72
32,3,0,1,1,1,43,73
32,2,1,1,1,1,78,74
32,3,1,1,1,1,122,75
32,4,1,1,1,1,156,76
32,1,0,0,1,0,128,77
32,2,0,1,1,1,11,78
32,1,0,1,0,0,20,79
32,4,1,1,0,0,40,80
32,3,0,1,0,0,174,81
32,3,1,1,1,1,79,82
32,4,1,1,1,1,13,83
32,4,1,1,0,0,72,84
32,2,0,1,1,1,104,85
32,1,0,1,0,0,154,86
32,1,0,1,0,0,165,87
32,2,1,1,0,0,62,88
32,4,1,1,0,0,16,89
32,1,1,0,1,0,176,90
32,3,1,1,1,1,131,91
32,1,0,0,1,0,45,92
32,3,1,1,1,1,59,93
32,2,1,1,1,1,123,94
32,2,1,1,0,0,1,95
32,4,1,1,1,1,89,96
32,1,0,1,1,1,58,97
32,4,1,1,1,1,90,98
32,4,1,0,1,0,53,99
32,3,0,0,0,1,145,100
32,1,1,1,0,0,117,101
32,3,1,1,1,1,188,102
32,2,0,1,0,0,172,103
32,2,1,1,1,1,60,104
32,3,1,1,0,0,186,105
32,1,0,1,0,0,135,106
32,4,0,1,1,1,57,107
32,2,1,1,1,1,170,108
32,2,1,1,1,1,191,109
32,3,0,1,1,1,15,110
32,4,1,1,0,0,23,111
32,1,1,1,0,0,74,112
32,3,0,1,0,0,73,113
32,3,1,1,0,0,8,114
32,1,1,0,1,0,144,115
32,4,0,0,0,1,159,116
32,2,1,1,1,1,151,117
32,4,0,0,1,0,39,118
32,2,1,1,0,0,81,119
32,1,1,1,0,0,157,120
32,2,1,1,0,0,96,121
32,1,1,0,1,0,33,122
32,3,0,1,1,1,153,123
32,1,1,1,0,0,140,124
32,2,1,1,0,0,97,125
32,3,1,1,0,0,68,126
32,4,1,0,1,0,18,127
32,4,0,1,0,0,162,128
33,1,0,0,1,0,86,1
33,2,0,1,0,0,181,2
33,4,0,1,1,1,124,3
33,2,0,1,0,0,118,4
33,4,1,1,0,0,161,5
33,3,0,1,1,1,107,6
33,1,0,1,0,0,3,7
33,3,0,1,0,0,177,8
33,2,0,0,0,NaN,184,9
33,4,1,1,1,1,100,10
33,3,1,1,1,1,179,11
33,1,0,1,1,1,6,12
33,3,1,1,0,0,64,13
33,2,0,1,0,0,115,14
33,4,1,1,1,1,163,15
33,1,0,0,1,0,29,16
33,4,1,1,1,1,137,17
33,1,0,0,1,0,85,18
33,2,0,1,0,0,189,19
33,1,1,1,0,0,37,20
33,3,1,0,1,0,102,21
33,3,1,1,1,1,166,22
33,2,0,1,1,1,111,23
33,4,0,0,0,1,183,24
33,2,1,1,1,1,125,25
33,1,1,0,1,0,112,26
33,1,1,1,1,1,25,27
33,4,1,1,1,1,28,28
33,3,1,1,0,0,129,29
33,2,0,1,0,0,19,30
33,4,0,1,1,1,185,31
33,3,0,0,0,1,110,32
33,3,0,0,0,1,30,33
33,4,0,1,1,1,126,34
33,2,1,1,1,1,31,35
33,1,0,0,0,1,61,36
33,4,1,1,0,0,192,37
33,1,0,0,1,0,147,38
33,2,0,1,0,0,52,39
33,3,0,0,1,0,66,40
33,2,0,0,1,2,26,41
33,1,0,1,0,0,146,42
33,2,1,1,1,1,47,43
33,1,1,1,0,0,121,44
33,4,1,1,0,0,133,45
33,4,1,1,0,0,167,46
33,3,0,1,0,0,95,47
33,3,0,1,0,0,69,48
33,3,1,1,0,0,7,49
33,1,0,1,0,0,34,50
33,2,0,0,1,0,187,51
33,1,0,0,1,0,113,52
33,4,1,1,0,0,80,53
33,2,0,0,1,0,99,54
33,4,1,1,0,0,139,55
33,3,0,0,0,1,155,56
33,1,0,0,1,0,4,57
33,2,0,1,1,1,56,58
33,4,1,1,0,0,50,59
33,2,1,0,1,0,2,60
33,3,0,0,1,0,141,61
33,1,0,0,1,0,76,62
33,3,1,1,1,1,119,63
33,4,0,1,0,0,14,64
33,3,0,1,1,1,103,65
33,4,1,0,1,0,32,66
33,2,1,0,1,0,143,67
33,3,1,1,1,1,98,68
33,4,1,1,0,0,44,69
33,1,1,0,1,0,88,70
33,1,0,0,1,0,150,71
33,2,0,1,0,0,71,72
33,2,0,1,0,0,128,73
33,1,0,1,1,1,40,74
33,2,0,1,1,1,20,75
33,1,0,1,0,0,156,76
33,4,1,1,1,1,43,77
33,3,0,1,1,1,11,78
33,4,1,1,1,1,122,79
33,3,1,1,0,0,78,80
33,2,1,1,0,0,154,81
33,3,0,0,1,0,104,82
33,1,0,1,0,0,13,83
33,3,1,1,1,1,62,84
33,4,1,1,0,0,79,85
33,4,0,1,1,1,174,86
33,2,1,0,1,0,165,87
33,1,1,1,0,0,72,88
33,4,1,1,1,1,59,89
33,4,1,1,1,1,131,90
33,2,0,1,0,0,45,91
33,1,1,0,1,0,89,92
33,1,0,0,1,0,16,93
33,3,1,1,0,0,123,94
33,3,0,0,0,1,1,95
33,2,0,1,0,0,176,96
33,4,1,1,0,0,145,97
33,4,1,1,0,0,188,98
33,3,0,1,1,1,60,99
33,3,0,0,0,NaN,172,100
33,2,0,0,1,0,58,101
33,1,1,1,1,1,90,102
33,2,0,0,0,1,117,103
33,1,0,1,1,1,53,104
33,4,1,1,0,0,15,105
33,2,1,1,1,1,74,106
33,1,1,0,0,NaN,57,107
33,3,0,1,0,0,191,108
33,2,0,0,0,NaN,135,109
33,3,1,1,1,1,170,110
33,1,0,0,1,0,23,111
33,4,1,1,0,0,186,112
33,1,0,0,0,1,39,113
33,3,1,1,1,1,151,114
33,3,1,1,0,0,81,115
33,2,1,1,0,0,144,116
33,1,0,0,1,0,159,117
33,4,1,1,1,1,73,118
33,4,1,1,1,1,8,119
33,2,1,1,1,1,157,120
33,2,1,0,1,0,140,121
33,2,1,1,0,0,33,122
33,1,0,0,0,1,162,123
33,4,1,1,1,1,68,124
33,3,1,1,0,0,96,125
33,4,0,1,0,0,153,126
33,3,1,1,0,0,97,127
33,1,0,0,1,0,18,128
34,3,0,1,0,0,181,1
34,1,0,1,0,0,161,2
34,1,1,0,1,0,124,3
34,2,0,0,0,1,86,4
34,2,0,1,0,0,3,5
34,4,1,1,0,0,107,6
34,3,0,0,1,0,118,7
34,4,0,0,1,0,177,8
34,2,0,0,1,0,6,9
34,3,0,0,0,1,115,10
34,4,1,1,0,0,64,11
34,4,1,1,1,1,179,12
34,1,0,1,0,0,100,13
34,1,0,1,0,0,163,14
34,3,0,1,1,1,184,15
34,2,0,1,1,1,29,16
34,4,1,1,0,0,166,17
34,4,0,1,1,1,102,18
34,1,0,1,1,1,183,19
34,1,1,1,0,0,137,20
34,2,0,0,1,0,85,21
34,3,0,1,1,1,189,22
34,2,1,1,0,0,37,23
34,3,0,0,0,1,111,24
34,4,0,0,1,0,110,25
34,3,0,0,1,0,19,26
34,1,0,1,0,0,28,27
34,2,0,0,0,1,112,28
34,3,0,0,0,1,125,29
34,2,1,1,1,1,25,30
34,4,0,1,1,1,129,31
34,1,0,1,1,1,185,32
34,2,0,1,0,0,147,33
34,3,0,0,1,0,52,34
34,3,0,0,1,0,31,35
34,1,0,0,1,0,126,36
34,1,0,0,1,NaN,192,37
34,2,0,0,1,0,61,38
34,4,0,0,0,1,66,39
34,4,1,1,0,0,30,40
34,4,1,1,1,1,69,41
34,2,0,1,1,1,146,42
34,3,0,1,1,1,47,43
34,4,0,1,0,0,95,44
34,3,0,1,1,1,26,45
34,1,0,1,1,1,167,46
34,1,0,1,0,0,133,47
34,2,0,1,1,1,121,48
34,2,0,1,1,1,34,49
34,3,0,0,0,1,187,50
34,4,1,1,0,0,7,51
34,2,0,0,0,1,113,52
34,1,0,0,0,1,139,53
34,1,0,0,1,2,80,54
34,3,0,1,0,0,99,55
34,4,0,1,0,0,155,56
34,4,0,1,0,0,141,57
34,1,1,1,0,0,50,58
34,3,0,0,0,NaN,56,59
34,3,1,0,0,1,2,60
34,4,0,1,1,1,119,61
34,2,1,1,1,1,76,62
34,1,0,1,0,0,14,63
34,2,0,1,1,1,4,64
34,4,0,1,1,1,98,65
34,4,0,1,1,1,103,66
34,2,0,1,0,0,88,67
34,3,0,1,1,1,71,68
34,2,0,1,0,0,150,69
34,1,0,1,1,1,44,70
34,1,1,1,0,0,32,71
34,3,0,1,0,0,143,72
34,3,0,0,0,1,128,73
34,4,0,0,0,1,11,74
34,2,0,0,1,0,40,75
34,2,1,1,1,1,156,76
34,3,0,0,0,1,20,77
34,1,1,1,0,0,43,78
34,4,1,0,1,0,78,79
34,1,1,0,1,0,122,80
34,4,0,1,0,0,104,81
34,2,0,1,1,1,72,82
34,3,0,0,0,NaN,165,83
34,1,0,0,1,0,174,84
34,4,0,1,1,1,62,85
34,1,1,0,0,1,79,86
34,3,0,0,0,1,154,87
34,2,0,1,1,1,13,88
34,4,0,0,1,0,123,89
34,3,0,1,0,0,45,90
34,1,1,0,1,0,131,91
34,2,0,0,0,1,16,92
34,3,0,1,0,0,176,93
34,4,0,0,0,1,1,94
34,1,0,1,1,1,59,95
34,2,1,1,1,1,89,96
34,3,0,1,0,0,117,97
34,2,0,0,1,0,53,98
34,3,0,0,1,0,58,99
34,1,1,0,1,0,188,100
34,4,0,1,1,1,60,101
34,2,1,1,1,1,90,102
34,1,0,1,1,1,145,103
34,4,0,1,0,0,172,104
34,3,0,1,0,0,135,105
34,1,0,1,0,0,15,106
34,4,1,1,0,0,170,107
34,2,1,1,0,0,23,108
34,4,0,0,1,0,191,109
34,2,1,1,1,1,57,110
34,1,0,1,1,1,186,111
34,3,1,1,0,0,74,112
34,4,0,1,1,1,81,113
34,1,0,1,0,0,8,114
34,1,0,0,1,0,73,115
34,3,1,1,0,0,144,116
34,4,1,0,1,0,151,117
34,2,0,1,0,0,39,118
34,2,0,0,0,1,159,119
34,3,1,1,1,1,157,120
34,4,1,1,1,1,96,121
34,2,0,0,0,1,162,122
34,4,1,1,0,0,97,123
34,2,0,0,0,1,18,124
34,3,1,1,0,0,140,125
34,1,0,1,1,1,153,126
34,3,0,0,0,1,33,127
34,1,0,1,1,1,68,128
